time	V(vin)	V(vout)
0.000000000000000e+000	0.000000e+000	3.305657e-002
2.535361323553947e-007	7.965072e-005	3.314256e-002
5.070722647107894e-007	1.593014e-004	3.331201e-002
7.606083970661840e-007	2.389522e-004	3.356494e-002
1.014144529421579e-006	3.186029e-004	3.390133e-002
1.267680661776973e-006	3.982536e-004	3.432120e-002
1.521216794132368e-006	4.779043e-004	3.482453e-002
1.774752926487762e-006	5.575551e-004	3.541133e-002
3.119699594004079e-006	9.800824e-004	3.864995e-002
7.851993024298881e-006	2.466774e-003	5.156660e-002
1.111472800062957e-004	3.499577e-002	3.377757e-001
2.144425669882926e-004	6.740299e-002	6.229168e-001
3.177378539702894e-004	9.968843e-002	9.069900e-001
4.210331409522863e-004	1.318521e-001	1.189995e+000
5.243284279342831e-004	1.638940e-001	1.471932e+000
6.276237149162799e-004	1.958141e-001	1.752802e+000
7.309190018982766e-004	2.276124e-001	2.032603e+000
9.489868299713811e-004	2.944610e-001	2.620836e+000
1.167054658044486e-003	3.591983e-001	3.190505e+000
1.385122486117590e-003	4.218240e-001	3.741610e+000
1.603190314190694e-003	4.823384e-001	4.274152e+000
1.821258142263799e-003	5.407412e-001	4.788131e+000
2.039325970336904e-003	5.970326e-001	5.283546e+000
2.257393798410007e-003	6.512126e-001	5.760397e+000
2.620717033696645e-003	7.348935e-001	6.496946e+000
2.984040268983283e-003	8.071964e-001	7.133403e+000
3.347363504269920e-003	8.681212e-001	7.669769e+000
3.710686739556558e-003	9.176679e-001	8.106044e+000
4.074009974843196e-003	9.558366e-001	8.442227e+000
4.437333210129834e-003	9.826271e-001	8.678318e+000
4.800656445416471e-003	9.980397e-001	8.814319e+000
5.200872684255758e-003	9.960952e-001	8.797649e+000
5.601088923095044e-003	9.798470e-001	8.655105e+000
6.001305161934331e-003	9.492950e-001	8.386688e+000
6.401521400773617e-003	9.044393e-001	7.992397e+000
6.801737639612904e-003	8.452799e-001	7.472231e+000
7.201953878452190e-003	7.718168e-001	6.826192e+000
7.602170117291476e-003	6.840500e-001	6.054278e+000
7.827838599192461e-003	6.298986e-001	5.577975e+000
8.053507081093446e-003	5.733291e-001	5.080380e+000
8.279175562994432e-003	5.143414e-001	4.561494e+000
8.504844044895417e-003	4.529355e-001	4.021316e+000
8.730512526796401e-003	3.891114e-001	3.459848e+000
8.956181008697387e-003	3.228692e-001	2.877088e+000
9.181849490598372e-003	2.542088e-001	2.273036e+000
9.294645192317539e-003	2.196748e-001	1.969210e+000
9.407440894036707e-003	1.849745e-001	1.663917e+000
9.520236595755875e-003	1.501079e-001	1.357157e+000
9.633032297475043e-003	1.150750e-001	1.048929e+000
9.745827999194210e-003	7.987586e-002	7.392341e-001
9.858623700913378e-003	4.451044e-002	4.280720e-001
9.971419402632546e-003	8.978738e-003	1.154427e-001
9.986408864655027e-003	4.269507e-003	7.400768e-002
1.000139832667751e-002	-4.395575e-004	3.257409e-002
1.001638778869999e-002	-5.148456e-003	-8.858107e-003
1.003137725072247e-002	-9.857189e-003	-5.028892e-002
1.004636671274495e-002	-1.456575e-002	-9.171834e-002
1.006135617476743e-002	-1.927416e-002	-1.331464e-001
1.007634563678991e-002	-2.398239e-002	-1.745730e-001
1.012448955292626e-002	-3.910820e-002	-3.080910e-001
1.017263346906261e-002	-5.421645e-002	-4.411881e-001
1.022077738519897e-002	-6.930711e-002	-5.738643e-001
1.026892130133532e-002	-8.438020e-002	-7.061197e-001
1.031706521747167e-002	-9.943572e-002	-8.379543e-001
1.036520913360802e-002	-1.144737e-001	-9.693681e-001
1.041335304974437e-002	-1.294940e-001	-1.100361e+000
1.041982179673457e-002	-1.315089e-001	-1.098332e+000
1.041987016964787e-002	-1.315239e-001	-1.098480e+000
1.041991854256116e-002	-1.315390e-001	-1.098746e+000
1.041996691547446e-002	-1.315541e-001	-1.099130e+000
1.042001528838775e-002	-1.315691e-001	-1.099633e+000
1.042006366130105e-002	-1.315842e-001	-1.100254e+000
1.042011203421435e-002	-1.315993e-001	-1.100993e+000
1.042016040712764e-002	-1.316143e-001	-1.101851e+000
1.042031823158244e-002	-1.316635e-001	-1.102303e+000
1.042110577027769e-002	-1.319087e-001	-1.102062e+000
1.042189330897294e-002	-1.321540e-001	-1.101820e+000
1.042268084766819e-002	-1.323992e-001	-1.101576e+000
1.042346838636344e-002	-1.326444e-001	-1.101331e+000
1.042425592505869e-002	-1.328897e-001	-1.101085e+000
1.042504346375394e-002	-1.331349e-001	-1.100837e+000
1.042583100244918e-002	-1.333801e-001	-1.100587e+000
1.042637891272862e-002	-1.335507e-001	-1.106273e+000
1.042692605463434e-002	-1.337210e-001	-1.119356e+000
1.042787055398896e-002	-1.340151e-001	-1.133940e+000
1.043057609689968e-002	-1.348573e-001	-1.149540e+000
1.063455763735978e-002	-1.980344e-001	-1.706069e+000
1.084738812042693e-002	-2.637075e-001	-2.283960e+000
1.106021860349407e-002	-3.275327e-001	-2.845604e+000
1.127304908656122e-002	-3.895099e-001	-3.391003e+000
1.148587956962837e-002	-4.496391e-001	-3.920155e+000
1.169871005269552e-002	-5.079203e-001	-4.433061e+000
1.191154053576266e-002	-5.643535e-001	-4.929721e+000
1.212437101882981e-002	-6.189387e-001	-5.410135e+000
1.247715907673073e-002	-7.036034e-001	-6.155328e+000
1.282994713463165e-002	-7.778052e-001	-6.808482e+000
1.318273519253257e-002	-8.415442e-001	-7.369599e+000
1.353552325043349e-002	-8.948204e-001	-7.838678e+000
1.388831130833440e-002	-9.376338e-001	-8.215719e+000
1.424109936623532e-002	-9.699844e-001	-8.500721e+000
1.459388742413624e-002	-9.918722e-001	-8.693686e+000
1.500979841743981e-002	-9.980818e-001	-8.748783e+000
1.542570941074337e-002	-9.886055e-001	-8.665846e+000
1.584162040404694e-002	-9.634434e-001	-8.444875e+000
1.625753139735051e-002	-9.225954e-001	-8.085869e+000
1.667344239065408e-002	-8.660616e-001	-7.588830e+000
1.708935338395764e-002	-7.938419e-001	-6.953756e+000
1.750526437726121e-002	-7.059364e-001	-6.180648e+000
1.773545410940408e-002	-6.521184e-001	-5.707288e+000
1.796564384154695e-002	-5.956705e-001	-5.210773e+000
1.819583357368982e-002	-5.365926e-001	-4.691102e+000
1.842602330583269e-002	-4.748848e-001	-4.148277e+000
1.865621303797556e-002	-4.105470e-001	-3.582296e+000
1.888640277011843e-002	-3.435793e-001	-2.993161e+000
1.911659250226130e-002	-2.739816e-001	-2.380870e+000
1.918440054311055e-002	-2.534092e-001	-2.199471e+000
1.925220858395980e-002	-2.327456e-001	-2.017517e+000
1.932001662480905e-002	-2.119909e-001	-1.835009e+000
1.938782466565831e-002	-1.911450e-001	-1.651945e+000
1.945563270650756e-002	-1.702079e-001	-1.468327e+000
1.952344074735681e-002	-1.491797e-001	-1.284154e+000
1.959124878820606e-002	-1.280604e-001	-1.099426e+000
1.959201380915928e-002	-1.278220e-001	-1.100032e+000
1.959277883011251e-002	-1.275836e-001	-1.100281e+000
1.959354385106573e-002	-1.273452e-001	-1.100173e+000
1.959430887201896e-002	-1.271069e-001	-1.099707e+000
1.959507389297218e-002	-1.268685e-001	-1.098885e+000
1.959583891392540e-002	-1.266301e-001	-1.097705e+000
1.959660393487863e-002	-1.263916e-001	-1.096168e+000
1.959860822775063e-002	-1.257670e-001	-1.079250e+000
1.997942519855009e-002	-6.463720e-003	-2.719271e-002
2.000525330090004e-002	1.650372e-003	4.420057e-002
2.010751150204066e-002	3.385172e-002	3.275321e-001
2.020976970318128e-002	6.593571e-002	6.098345e-001
2.031202790432190e-002	9.790236e-002	8.911078e-001
2.041428610546251e-002	1.297517e-001	1.171352e+000
2.051654430660313e-002	1.614836e-001	1.450567e+000
2.061880250774375e-002	1.930982e-001	1.728753e+000
2.072106070888437e-002	2.245955e-001	2.005910e+000
2.083860492978312e-002	2.605370e-001	2.322179e+000
2.095614915068187e-002	2.960042e-001	2.634279e+000
2.107369337158062e-002	3.309972e-001	2.942210e+000
2.119123759247938e-002	3.655160e-001	3.245974e+000
2.130878181337813e-002	3.995606e-001	3.545569e+000
2.142632603427688e-002	4.331309e-001	3.840996e+000
2.154387025517563e-002	4.662271e-001	4.132254e+000
2.154755998408277e-002	4.672522e-001	4.141275e+000
2.184590092143116e-002	5.492808e-001	4.863184e+000
2.214424185877956e-002	6.250296e-001	5.529860e+000
2.244258279612795e-002	6.944987e-001	6.141302e+000
2.274092373347635e-002	7.576880e-001	6.697512e+000
2.303926467082474e-002	8.145976e-001	7.198488e+000
2.333760560817314e-002	8.652275e-001	7.644232e+000
2.363594654552153e-002	9.095775e-001	8.034742e+000
2.415627305959946e-002	9.637547e-001	8.511993e+000
2.467659957367739e-002	9.924937e-001	8.765405e+000
2.519692608775532e-002	9.957945e-001	8.794980e+000
2.571725260183325e-002	9.736571e-001	8.600717e+000
2.623757911591118e-002	9.260815e-001	8.182617e+000
2.675790562998912e-002	8.530678e-001	7.540678e+000
2.727823214406704e-002	7.546159e-001	6.674902e+000
2.752368066527241e-002	7.008650e-001	6.202156e+000
2.776912918647778e-002	6.438636e-001	5.700794e+000
2.801457770768315e-002	5.836118e-001	5.170816e+000
2.826002622888852e-002	5.201097e-001	4.612223e+000
2.850547475009389e-002	4.533572e-001	4.025013e+000
2.875092327129926e-002	3.833542e-001	3.409188e+000
2.899637179250462e-002	3.101009e-001	2.764748e+000
2.912759737844213e-002	2.704832e-001	2.416205e+000
2.925882296437964e-002	2.305770e-001	2.065117e+000
2.939004855031715e-002	1.903820e-001	1.711484e+000
2.952127413625466e-002	1.498984e-001	1.355305e+000
2.965249972219217e-002	1.091262e-001	9.965809e-001
2.978372530812968e-002	6.806532e-002	6.353114e-001
2.991495089406718e-002	2.671579e-002	2.714966e-001
3.001565890187969e-002	-4.919369e-003	-6.850006e-003
3.007239193289730e-002	-2.275476e-002	-1.639696e-001
3.012912496391490e-002	-4.056880e-002	-3.207837e-001
3.018585799493251e-002	-5.836149e-002	-4.772925e-001
3.024259102595011e-002	-7.613281e-002	-6.334959e-001
3.029932405696772e-002	-9.388278e-002	-7.893939e-001
3.035605708798533e-002	-1.116114e-001	-9.449865e-001
3.041279011900293e-002	-1.293187e-001	-1.100274e+000
3.041852922522444e-002	-1.311063e-001	-1.098674e+000
3.041871484298068e-002	-1.311641e-001	-1.100605e+000
3.041900577747543e-002	-1.312547e-001	-1.101523e+000
3.042978337202894e-002	-1.346105e-001	-1.098204e+000
3.043006393901801e-002	-1.346979e-001	-1.101996e+000
3.043028833854057e-002	-1.347677e-001	-1.104117e+000
3.043549165842256e-002	-1.363873e-001	-1.102437e+000
3.043598770287049e-002	-1.365417e-001	-1.107285e+000
3.043645735683606e-002	-1.366879e-001	-1.126008e+000
3.043713593149333e-002	-1.368990e-001	-1.146623e+000
3.043804054772306e-002	-1.371806e-001	-1.161105e+000
3.043994046853581e-002	-1.377718e-001	-1.174237e+000
3.062811985510591e-002	-1.965407e-001	-1.692066e+000
3.081629924167601e-002	-2.541320e-001	-2.199384e+000
3.100447862824611e-002	-3.105457e-001	-2.696192e+000
3.119265801481621e-002	-3.657819e-001	-3.182489e+000
3.138083740138631e-002	-4.198405e-001	-3.658275e+000
3.156901678795641e-002	-4.727215e-001	-4.123551e+000
3.175719617452651e-002	-5.244249e-001	-4.578316e+000
3.202015965346264e-002	-5.928972e-001	-5.180940e+000
3.236407309022947e-002	-6.777834e-001	-5.928066e+000
3.270798652699630e-002	-7.529920e-001	-6.590063e+000
3.305189996376313e-002	-8.185231e-001	-7.166931e+000
3.339581340052995e-002	-8.743767e-001	-7.658671e+000
3.373972683729679e-002	-9.205528e-001	-8.065283e+000
3.408364027406362e-002	-9.570514e-001	-8.386765e+000
3.442755371083044e-002	-9.838725e-001	-8.623119e+000
3.485305594297331e-002	-9.971093e-001	-8.740060e+000
3.527855817511618e-002	-9.937334e-001	-8.710812e+000
3.570406040725906e-002	-9.737447e-001	-8.535374e+000
3.612956263940192e-002	-9.371432e-001	-8.213748e+000
3.655506487154479e-002	-8.839289e-001	-7.745931e+000
3.698056710368766e-002	-8.141019e-001	-7.131926e+000
3.740606933583053e-002	-7.276620e-001	-6.371731e+000
3.764236258359840e-002	-6.739263e-001	-5.899105e+000
3.787865583136627e-002	-6.173090e-001	-5.401109e+000
3.811494907913415e-002	-5.578102e-001	-4.877743e+000
3.835124232690202e-002	-4.954298e-001	-4.329008e+000
3.858753557466989e-002	-4.301679e-001	-3.754904e+000
3.882382882243776e-002	-3.620245e-001	-3.155431e+000
3.906012207020564e-002	-2.909995e-001	-2.530588e+000
3.913597083792589e-002	-2.680887e-001	-2.328741e+000
3.921181960564615e-002	-2.450585e-001	-2.126019e+000
3.928766837336641e-002	-2.219091e-001	-1.922422e+000
3.936351714108668e-002	-1.986403e-001	-1.717951e+000
3.943936590880694e-002	-1.752522e-001	-1.512605e+000
3.951521467652720e-002	-1.517448e-001	-1.306384e+000
3.959106344424745e-002	-1.281181e-001	-1.099288e+000
3.959181678479411e-002	-1.278834e-001	-1.099852e+000
3.959257012534078e-002	-1.276486e-001	-1.100082e+000
3.959332346588744e-002	-1.274139e-001	-1.099979e+000
3.959407680643411e-002	-1.271792e-001	-1.099543e+000
3.959483014698077e-002	-1.269444e-001	-1.098773e+000
3.959558348752743e-002	-1.267097e-001	-1.097670e+000
3.959633682807409e-002	-1.264749e-001	-1.096233e+000
3.959836792419950e-002	-1.258419e-001	-1.079744e+000
3.998980489356212e-002	-3.202882e-003	1.498022e-003
4.007604630899825e-002	2.393791e-002	2.403022e-001
4.016228772443437e-002	5.101160e-002	4.785185e-001
4.024852913987050e-002	7.801818e-002	7.161468e-001
4.033477055530661e-002	1.049577e-001	9.531872e-001
4.042101197074274e-002	1.318300e-001	1.189640e+000
4.050725338617886e-002	1.586353e-001	1.425504e+000
4.059349480161498e-002	1.853735e-001	1.660781e+000
4.079859457806884e-002	2.488804e-001	2.219606e+000
4.100369435452270e-002	3.107330e-001	2.763888e+000
4.120879413097656e-002	3.709312e-001	3.293627e+000
4.141389390743041e-002	4.294751e-001	3.808822e+000
4.161899368388427e-002	4.863645e-001	4.309474e+000
4.182409346033812e-002	5.415995e-001	4.795582e+000
4.202919323679198e-002	5.951802e-001	5.267147e+000
4.222157793276487e-002	6.429864e-001	5.687905e+000
4.241396262873776e-002	6.880691e-001	6.084710e+000
4.260634732471065e-002	7.304285e-001	6.457560e+000
4.279873202068354e-002	7.700644e-001	6.806456e+000
4.299111671665643e-002	8.069770e-001	7.131398e+000
4.318350141262933e-002	8.411662e-001	7.432386e+000
4.337588610860221e-002	8.726320e-001	7.709420e+000
4.338362572280802e-002	8.738169e-001	7.719851e+000
4.394189661633217e-002	9.443570e-001	8.341105e+000
4.450016750985632e-002	9.855767e-001	8.704366e+000
4.505843840338047e-002	9.974760e-001	8.809631e+000
4.561670929690462e-002	9.800550e-001	8.656903e+000
4.617498019042877e-002	9.333136e-001	8.246180e+000
4.673325108395292e-002	8.572519e-001	7.577462e+000
4.729152197747708e-002	7.518698e-001	6.650751e+000
4.753566260247709e-002	6.981996e-001	6.178713e+000
4.777980322747711e-002	6.413241e-001	5.678456e+000
4.802394385247712e-002	5.812431e-001	5.149980e+000
4.826808447747714e-002	5.179568e-001	4.593284e+000
4.851222510247716e-002	4.514652e-001	4.008369e+000
4.875636572747717e-002	3.817681e-001	3.395235e+000
4.900050635247719e-002	3.088657e-001	2.753881e+000
4.913173193841469e-002	2.692325e-001	2.405201e+000
4.926295752435220e-002	2.293128e-001	2.053996e+000
4.939418311028971e-002	1.891067e-001	1.700264e+000
4.952540869622722e-002	1.486141e-001	1.344005e+000
4.965663428216473e-002	1.078350e-001	9.852203e-001
4.978785986810224e-002	6.676938e-002	6.239093e-001
4.991908545403975e-002	2.541732e-002	2.600719e-001
5.001368994622725e-002	-4.300810e-003	-1.407509e-003
5.007069545562097e-002	-2.222214e-002	-1.592816e-001
5.012770096501470e-002	-4.012201e-002	-3.168499e-001
5.018470647440842e-002	-5.800042e-002	-4.741124e-001
5.024171198380214e-002	-7.585737e-002	-6.310692e-001
5.029871749319586e-002	-9.369286e-002	-7.877202e-001
5.035572300258959e-002	-1.115069e-001	-9.440655e-001
5.041272851198331e-002	-1.292995e-001	-1.100105e+000
5.041723836514749e-002	-1.307043e-001	-1.098845e+000
5.041736917176248e-002	-1.307450e-001	-1.099944e+000
5.041758598220250e-002	-1.308125e-001	-1.100958e+000
5.041780279264251e-002	-1.308800e-001	-1.101704e+000
5.041801960308253e-002	-1.309476e-001	-1.102182e+000
5.041823641352255e-002	-1.310151e-001	-1.102392e+000
5.041845322396257e-002	-1.310826e-001	-1.102335e+000
5.041867003440258e-002	-1.311502e-001	-1.102010e+000
5.041888684484260e-002	-1.312177e-001	-1.101417e+000
5.042322396148367e-002	-1.325683e-001	-1.100080e+000
5.042371848389531e-002	-1.327223e-001	-1.104298e+000
5.042421322380199e-002	-1.328764e-001	-1.114440e+000
5.042591487254481e-002	-1.334062e-001	-1.133657e+000
5.043128711443230e-002	-1.350787e-001	-1.150429e+000
5.043665935631979e-002	-1.367507e-001	-1.166690e+000
5.044203159820727e-002	-1.384224e-001	-1.182441e+000
5.044740384009476e-002	-1.400937e-001	-1.197681e+000
5.045277608198225e-002	-1.417646e-001	-1.212411e+000
5.045814832386974e-002	-1.434351e-001	-1.226629e+000
5.046352056575722e-002	-1.451052e-001	-1.240337e+000
5.065232723245074e-002	-2.039959e-001	-1.758533e+000
5.084113389914426e-002	-2.616745e-001	-2.266076e+000
5.102994056583778e-002	-3.181411e-001	-2.762965e+000
5.121874723253130e-002	-3.733956e-001	-3.249200e+000
5.140755389922481e-002	-4.274380e-001	-3.724782e+000
5.159636056591833e-002	-4.802683e-001	-4.189711e+000
5.178516723261185e-002	-5.318866e-001	-4.643985e+000
5.210203100951017e-002	-6.148377e-001	-5.374044e+000
5.241889478640849e-002	-6.901138e-001	-6.036593e+000
5.273575856330682e-002	-7.577148e-001	-6.631633e+000
5.305262234020515e-002	-8.176407e-001	-7.159163e+000
5.336948611710347e-002	-8.698916e-001	-7.619184e+000
5.368634989400180e-002	-9.144673e-001	-8.011694e+000
5.400321367090012e-002	-9.513680e-001	-8.336696e+000
5.419852617090012e-002	-9.685264e-001	-8.487864e+000
5.439383867090012e-002	-9.819590e-001	-8.606254e+000
5.458915117090012e-002	-9.916660e-001	-8.691865e+000
5.478446367090013e-002	-9.976473e-001	-8.744696e+000
5.497977617090013e-002	-9.999030e-001	-8.764748e+000
5.517508867090012e-002	-9.984329e-001	-8.752021e+000
5.537040117090013e-002	-9.932373e-001	-8.706515e+000
5.546805742090013e-002	-9.892084e-001	-8.671175e+000
5.581639377692693e-002	-9.656666e-001	-8.464409e+000
5.616473013295373e-002	-9.319772e-001	-8.168337e+000
5.651306648898053e-002	-8.881400e-001	-7.782958e+000
5.686140284500733e-002	-8.341551e-001	-7.308273e+000
5.720973920103414e-002	-7.700225e-001	-6.744281e+000
5.755807555706093e-002	-6.957422e-001	-6.090982e+000
5.790641191308774e-002	-6.113142e-001	-5.348377e+000
5.811393144433775e-002	-5.578392e-001	-4.877998e+000
5.832145097558776e-002	-5.026030e-001	-4.392109e+000
5.852897050683777e-002	-4.456056e-001	-3.890710e+000
5.873649003808779e-002	-3.868468e-001	-3.373801e+000
5.894400956933781e-002	-3.263267e-001	-2.841382e+000
5.915152910058782e-002	-2.640454e-001	-2.293453e+000
5.935904863183783e-002	-2.000028e-001	-1.730015e+000
5.959117066353782e-002	-1.280847e-001	-1.099815e+000
5.959195374019796e-002	-1.278407e-001	-1.100461e+000
5.959273681685808e-002	-1.275967e-001	-1.100727e+000
5.959351989351822e-002	-1.273527e-001	-1.100614e+000
5.959430297017835e-002	-1.271087e-001	-1.100120e+000
5.959508604683848e-002	-1.268647e-001	-1.099246e+000
5.959586912349861e-002	-1.266207e-001	-1.097992e+000
5.959665220015874e-002	-1.263766e-001	-1.096359e+000
5.959866021813354e-002	-1.257508e-001	-1.079151e+000
5.999390943430775e-002	-1.913406e-003	1.284369e-002
6.008625658973935e-002	2.715577e-002	2.686154e-001
6.017860374517096e-002	5.614130e-002	5.236541e-001
6.027095090060256e-002	8.504321e-002	7.779598e-001
6.036329805603415e-002	1.138615e-001	1.031532e+000
6.045564521146575e-002	1.425961e-001	1.284372e+000
6.054799236689736e-002	1.712471e-001	1.536479e+000
6.064033952232895e-002	1.998145e-001	1.787852e+000
6.084851192355611e-002	2.640638e-001	2.353213e+000
6.105668432478328e-002	3.265387e-001	2.902975e+000
6.126485672601045e-002	3.872392e-001	3.437138e+000
6.147302912723762e-002	4.461654e-001	3.955703e+000
6.168120152846478e-002	5.033172e-001	4.458668e+000
6.188937392969195e-002	5.586947e-001	4.946035e+000
6.209754633091911e-002	6.122978e-001	5.417802e+000
6.245183944326962e-002	6.978994e-001	6.171238e+000
6.280613255562012e-002	7.730104e-001	6.832392e+000
6.316042566797063e-002	8.376310e-001	7.401264e+000
6.351471878032114e-002	8.917610e-001	7.877854e+000
6.386901189267165e-002	9.354006e-001	8.262162e+000
6.422330500502216e-002	9.685496e-001	8.554189e+000
6.457759811737267e-002	9.912081e-001	8.753934e+000
6.499350911067625e-002	9.981183e-001	8.815198e+000
6.540942010397984e-002	9.893129e-001	8.738166e+000
6.582533109728342e-002	9.647919e-001	8.522837e+000
6.624124209058699e-002	9.245553e-001	8.169212e+000
6.665715308389057e-002	8.686030e-001	7.677291e+000
6.707306407719416e-002	7.969351e-001	7.047074e+000
6.748897507049774e-002	7.095516e-001	6.278560e+000
6.764766647674775e-002	6.735545e-001	5.961946e+000
6.787044479706018e-002	6.194787e-001	5.486305e+000
6.809322311737263e-002	5.630934e-001	4.990329e+000
6.831600143768507e-002	5.043986e-001	4.474018e+000
6.853877975799752e-002	4.433943e-001	3.937371e+000
6.876155807830996e-002	3.800805e-001	3.380389e+000
6.898433639862241e-002	3.144572e-001	2.803072e+000
6.920711471893484e-002	2.465243e-001	2.205420e+000
6.931697800018481e-002	2.128332e-001	1.909009e+000
6.942684128143478e-002	1.789899e-001	1.611255e+000
6.953670456268475e-002	1.449943e-001	1.312158e+000
6.964656784393473e-002	1.108466e-001	1.011717e+000
6.975643112518470e-002	7.654666e-002	7.099340e-001
6.986629440643467e-002	4.209453e-002	4.068075e-001
6.997615768768464e-002	7.490213e-003	1.023379e-001
6.998836471893465e-002	3.655183e-003	6.859479e-002
7.000057175018463e-002	-1.797598e-004	3.485236e-002
7.001277878143464e-002	-4.014616e-003	1.110633e-003
7.002498581268463e-002	-7.849385e-003	-3.263037e-002
7.003719284393463e-002	-1.168407e-002	-6.637067e-002
7.004939987518462e-002	-1.551866e-002	-1.001102e-001
7.006160690643462e-002	-1.935317e-002	-1.338491e-001
7.011184876525918e-002	-3.514091e-002	-2.731059e-001
7.016209062408375e-002	-5.091009e-002	-4.119890e-001
7.021233248290831e-002	-6.666069e-002	-5.504983e-001
7.026257434173287e-002	-8.239274e-002	-6.886340e-001
7.031281620055743e-002	-9.810621e-002	-8.263959e-001
7.036305805938201e-002	-1.138011e-001	-9.637840e-001
7.041329991820657e-002	-1.294775e-001	-1.100798e+000
7.042165111320424e-002	-1.320785e-001	-1.098285e+000
7.042184128009157e-002	-1.321378e-001	-1.100776e+000
7.042213577226997e-002	-1.322295e-001	-1.102099e+000
7.042291514078211e-002	-1.324722e-001	-1.101858e+000
7.042369450929427e-002	-1.327148e-001	-1.101617e+000
7.042447387780641e-002	-1.329575e-001	-1.101377e+000
7.042525324631857e-002	-1.332002e-001	-1.101137e+000
7.042603261483071e-002	-1.334429e-001	-1.100897e+000
7.042681198334287e-002	-1.336855e-001	-1.100657e+000
7.042759135185502e-002	-1.339281e-001	-1.100417e+000
7.042802158140431e-002	-1.340621e-001	-1.105192e+000
7.042845640588358e-002	-1.341975e-001	-1.117253e+000
7.042925934345394e-002	-1.344474e-001	-1.133533e+000
7.043161383431318e-002	-1.351804e-001	-1.151603e+000
7.061894218779279e-002	-1.937065e-001	-1.667220e+000
7.080627054127241e-002	-2.510772e-001	-2.172538e+000
7.099359889475201e-002	-3.072925e-001	-2.667557e+000
7.118092724823164e-002	-3.623522e-001	-3.152277e+000
7.136825560171124e-002	-4.162565e-001	-3.626698e+000
7.155558395519086e-002	-4.690054e-001	-4.090820e+000
7.174291230867047e-002	-5.205987e-001	-4.544643e+000
7.206382322980912e-002	-6.053514e-001	-5.290553e+000
7.238473415094775e-002	-6.823014e-001	-5.967831e+000
7.270564507208639e-002	-7.514488e-001	-6.576476e+000
7.302655599322502e-002	-8.127934e-001	-7.116491e+000
7.334746691436367e-002	-8.663354e-001	-7.587873e+000
7.366837783550230e-002	-9.120747e-001	-7.990624e+000
7.398928875664095e-002	-9.500113e-001	-8.324742e+000
7.446023024956530e-002	-9.840282e-001	-8.624565e+000
7.493117174248966e-002	-9.973265e-001	-8.742073e+000
7.540211323541401e-002	-9.899061e-001	-8.677268e+000
7.587305472833839e-002	-9.617670e-001	-8.430148e+000
7.634399622126274e-002	-9.129092e-001	-8.000715e+000
7.681493771418710e-002	-8.433326e-001	-7.388968e+000
7.728587920711146e-002	-7.530374e-001	-6.594906e+000
7.742931182429894e-002	-7.224437e-001	-6.325834e+000
7.757274444148642e-002	-6.905588e-001	-6.045396e+000
7.771617705867390e-002	-6.573829e-001	-5.753594e+000
7.785960967586138e-002	-6.229158e-001	-5.450426e+000
7.800304229304886e-002	-5.871577e-001	-5.135892e+000
7.814647491023634e-002	-5.501084e-001	-4.809994e+000
7.828990752742382e-002	-5.117680e-001	-4.472730e+000
7.829295928523632e-002	-5.109441e-001	-4.465482e+000
7.847693668478983e-002	-4.599839e-001	-4.017195e+000
7.866091408434336e-002	-4.079328e-001	-3.559299e+000
7.884489148389688e-002	-3.547909e-001	-3.091795e+000
7.902886888345041e-002	-3.005582e-001	-2.614681e+000
7.921284628300393e-002	-2.452346e-001	-2.127960e+000
7.939682368255746e-002	-1.888201e-001	-1.631629e+000
7.958080108211098e-002	-1.313149e-001	-1.125690e+000
7.958256512961767e-002	-1.307655e-001	-1.119009e+000
7.958432917712435e-002	-1.302160e-001	-1.113301e+000
7.958609322463105e-002	-1.296665e-001	-1.108565e+000
7.958785727213773e-002	-1.291170e-001	-1.104800e+000
7.958962131964442e-002	-1.285674e-001	-1.102008e+000
7.959138536715110e-002	-1.280178e-001	-1.100187e+000
7.959314941465780e-002	-1.274681e-001	-1.099339e+000
7.959609933633945e-002	-1.265489e-001	-1.099298e+000
7.959661178205471e-002	-1.263892e-001	-1.093682e+000
7.959878864874510e-002	-1.257108e-001	-1.077805e+000
7.998428566436486e-002	-4.936784e-003	-1.375803e-002
8.000780791014649e-002	2.453933e-003	5.127053e-002
8.003133015592812e-002	9.843507e-003	1.162892e-001
8.005485240170975e-002	1.723194e-002	1.812980e-001
8.007837464749139e-002	2.461923e-002	2.462970e-001
8.010189689327302e-002	3.200538e-002	3.112861e-001
8.012541913905465e-002	3.939038e-002	3.762654e-001
8.014894138483628e-002	4.677424e-002	4.412347e-001
8.029511534076499e-002	9.281793e-002	8.463696e-001
8.044128929669370e-002	1.384282e-001	1.247698e+000
8.058746325262241e-002	1.836051e-001	1.645220e+000
8.073363720855110e-002	2.283485e-001	2.038935e+000
8.087981116447982e-002	2.726585e-001	2.428844e+000
8.102598512040853e-002	3.165351e-001	2.814946e+000
8.117215907633724e-002	3.599783e-001	3.197241e+000
8.144350498303248e-002	4.391893e-001	3.894312e+000
8.171485088972773e-002	5.139991e-001	4.552676e+000
8.198619679642297e-002	5.844076e-001	5.172335e+000
8.225754270311822e-002	6.504149e-001	5.753287e+000
8.252888860981346e-002	7.120209e-001	6.295534e+000
8.280023451650871e-002	7.692257e-001	6.799074e+000
8.307158042320395e-002	8.220292e-001	7.263908e+000
8.367864749642151e-002	9.149464e-001	8.082082e+000
8.428571456963907e-002	9.732574e-001	8.595759e+000
8.489278164285663e-002	9.969624e-001	8.804938e+000
8.549984871607419e-002	9.860612e-001	8.709619e+000
8.610691578929175e-002	9.405540e-001	8.309803e+000
8.671398286250931e-002	8.604408e-001	7.605489e+000
8.732104993572687e-002	7.457214e-001	6.596677e+000
8.752856946697683e-002	7.001572e-001	6.195932e+000
8.773608899822680e-002	6.521657e-001	5.773818e+000
8.794360852947676e-002	6.017468e-001	5.330335e+000
8.815112806072671e-002	5.489006e-001	4.865483e+000
8.835864759197668e-002	4.936271e-001	4.379262e+000
8.856616712322664e-002	4.359262e-001	3.871673e+000
8.877368665447660e-002	3.757980e-001	3.342714e+000
8.877673841228910e-002	3.749093e-001	3.334897e+000
8.892714647590513e-002	3.304458e-001	2.943733e+000
8.907755453952117e-002	2.854988e-001	2.548307e+000
8.922796260313720e-002	2.400680e-001	2.148618e+000
8.937837066675322e-002	1.941537e-001	1.744667e+000
8.952877873036925e-002	1.477557e-001	1.336453e+000
8.967918679398529e-002	1.008740e-001	9.239758e-001
8.982959485760132e-002	5.350879e-002	5.072362e-001
9.001575208416378e-002	-4.948643e-003	-7.107590e-003
9.007247597629847e-002	-2.278116e-002	-1.641328e-001
9.012919986843317e-002	-4.059231e-002	-3.208956e-001
9.018592376056786e-002	-5.838211e-002	-4.773959e-001
9.024264765270255e-002	-7.615056e-002	-6.336338e-001
9.029937154483725e-002	-9.389765e-002	-7.896092e-001
9.035609543697194e-002	-1.116234e-001	-9.453222e-001
9.041281932910664e-002	-1.293278e-001	-1.100773e+000
9.042097362721487e-002	-1.318676e-001	-1.098254e+000
9.042125342381580e-002	-1.319547e-001	-1.100300e+000
9.042160724393260e-002	-1.320649e-001	-1.101351e+000
9.043184718388252e-002	-1.352530e-001	-1.098207e+000
9.043201123753931e-002	-1.353040e-001	-1.099721e+000
9.043214925693831e-002	-1.353470e-001	-1.102887e+000
9.043238479433725e-002	-1.354203e-001	-1.105243e+000
9.043764919756214e-002	-1.370588e-001	-1.103521e+000
9.043781693848138e-002	-1.371110e-001	-1.103470e+000
9.043815242031986e-002	-1.372154e-001	-1.108836e+000
9.043860669782382e-002	-1.373567e-001	-1.128294e+000
9.043926512139799e-002	-1.375616e-001	-1.150093e+000
9.044013488729905e-002	-1.378323e-001	-1.165449e+000
9.044198956081261e-002	-1.384093e-001	-1.179528e+000
9.063066698754103e-002	-1.973290e-001	-1.698827e+000
9.081934441426946e-002	-2.550609e-001	-2.207493e+000
9.100802184099789e-002	-3.116051e-001	-2.705527e+000
9.119669926772631e-002	-3.669616e-001	-3.192929e+000
9.138537669445473e-002	-4.211304e-001	-3.669699e+000
9.157405412118316e-002	-4.741114e-001	-4.135836e+000
9.176273154791159e-002	-5.259047e-001	-4.591341e+000
9.208525642701392e-002	-6.107027e-001	-5.337653e+000
9.240778130611624e-002	-6.875734e-001	-6.014235e+000
9.273030618521856e-002	-7.565168e-001	-6.621089e+000
9.305283106432088e-002	-8.175330e-001	-7.158215e+000
9.337535594342321e-002	-8.706219e-001	-7.625612e+000
9.369788082252553e-002	-9.157836e-001	-8.023280e+000
9.402040570162785e-002	-9.530180e-001	-8.351220e+000
9.448688868153858e-002	-9.853927e-001	-8.636592e+000
9.495337166144931e-002	-9.974539e-001	-8.743214e+000
9.541985464136003e-002	-9.892015e-001	-8.671086e+000
9.588633762127075e-002	-9.606356e-001	-8.420208e+000
9.635282060118147e-002	-9.117561e-001	-7.990580e+000
9.681930358109220e-002	-8.425631e-001	-7.382202e+000
9.728578656100292e-002	-7.530565e-001	-6.595075e+000
9.752992718600288e-002	-6.994798e-001	-6.123860e+000
9.777406781100283e-002	-6.426916e-001	-5.624372e+000
9.801820843600279e-002	-5.826920e-001	-5.096611e+000
9.826234906100274e-002	-5.194809e-001	-4.540578e+000
9.850648968600270e-002	-4.530584e-001	-3.956272e+000
9.875063031100265e-002	-3.834244e-001	-3.343692e+000
9.899477093600261e-002	-3.105789e-001	-2.702840e+000
9.901613324069010e-002	-3.041927e-001	-2.646657e+000
9.909826336186914e-002	-2.794732e-001	-2.428862e+000
9.918039348304819e-002	-2.546093e-001	-2.209994e+000
9.926252360422723e-002	-2.296010e-001	-1.990052e+000
9.934465372540627e-002	-2.044484e-001	-1.769036e+000
9.942678384658531e-002	-1.791513e-001	-1.546947e+000
9.950891396776436e-002	-1.537099e-001	-1.323784e+000
9.959104408894340e-002	-1.281241e-001	-1.099548e+000
9.959179035510904e-002	-1.278916e-001	-1.100106e+000
9.959253662127468e-002	-1.276591e-001	-1.100334e+000
9.959328288744032e-002	-1.274266e-001	-1.100233e+000
9.959402915360595e-002	-1.271940e-001	-1.099801e+000
9.959477541977159e-002	-1.269615e-001	-1.099039e+000
9.959552168593723e-002	-1.267289e-001	-1.097948e+000
9.959626795210287e-002	-1.264964e-001	-1.096526e+000
9.959828365997424e-002	-1.258682e-001	-1.080025e+000
9.998734102385132e-002	-3.976924e-003	-5.312534e-003
9.999746820477028e-002	-7.953868e-004	2.268079e-002
1.000000000000000e-001	2.328067e-015	2.967915e-002
