time	V(vin)	V(vout)
0.000000000000000e+000	0.000000e+000	8.973911e-003
2.857142849929266e-007	8.975979e-005	8.946329e-003
5.714285699858532e-007	1.795196e-004	8.904539e-003
8.571428549787799e-007	2.692794e-004	8.848544e-003
1.142857139971706e-006	3.590392e-004	8.778342e-003
1.428571424964633e-006	4.487989e-004	8.693934e-003
1.714285709957560e-006	5.385587e-004	8.595319e-003
1.999999994950485e-006	6.283185e-004	8.482498e-003
9.728827502208724e-006	3.056432e-003	6.054606e-003
1.745765500946696e-005	5.484492e-003	3.626811e-003
2.518648251672520e-005	7.912499e-003	1.199113e-003
3.291531002398344e-005	1.034045e-002	-1.228487e-003
4.064413753124168e-005	1.276835e-002	-3.655991e-003
4.837296503849992e-005	1.519619e-002	-6.083396e-003
5.610179254575814e-005	1.762399e-002	-8.510705e-003
2.763403777022851e-004	8.670588e-002	-7.756262e-002
2.816408522511796e-004	8.836468e-002	-7.728773e-002
2.819457680608959e-004	8.846010e-002	-7.727109e-002
2.823938906334479e-004	8.860033e-002	-7.790134e-002
2.828293291920008e-004	8.873659e-002	-7.916960e-002
2.831680570720298e-004	8.884258e-002	-7.970531e-002
2.836042547138277e-004	8.897907e-002	-7.982964e-002
4.559913893284336e-004	1.431119e-001	-1.339665e-001
6.283785239430395e-004	1.964528e-001	-1.873094e-001
8.007656585576454e-004	2.490016e-001	-2.398582e-001
9.731527931722513e-004	3.007585e-001	-2.916130e-001
1.145539927786857e-003	3.517234e-001	-3.425738e-001
1.317927062401463e-003	4.018963e-001	-3.927406e-001
1.490314197016069e-003	4.512772e-001	-4.421133e-001
1.769358689891858e-003	5.289154e-001	-5.197473e-001
2.048403182767647e-003	6.012241e-001	-5.920536e-001
2.327447675643436e-003	6.682035e-001	-6.590323e-001
2.606492168519225e-003	7.298534e-001	-7.206833e-001
2.885536661395015e-003	7.861740e-001	-7.770067e-001
3.164581154270803e-003	8.371651e-001	-8.280025e-001
3.443625647146592e-003	8.828268e-001	-8.736706e-001
3.994797312838676e-003	9.495081e-001	-9.403720e-001
4.545968978530760e-003	9.876245e-001	-9.785116e-001
5.097140644222844e-003	9.971758e-001	-9.880893e-001
5.648312309914928e-003	9.781622e-001	-9.691051e-001
6.199483975607012e-003	9.305835e-001	-9.215590e-001
6.750655641299097e-003	8.544399e-001	-8.454510e-001
7.301827306991179e-003	7.497313e-001	-7.407811e-001
7.542480208776892e-003	6.967304e-001	-6.877965e-001
7.783133110562603e-003	6.406035e-001	-6.316853e-001
8.023786012348315e-003	5.813505e-001	-5.724478e-001
8.264438914134026e-003	5.189715e-001	-5.100837e-001
8.505091815919739e-003	4.534665e-001	-4.445933e-001
8.745744717705450e-003	3.848354e-001	-3.759763e-001
8.986397619491162e-003	3.130783e-001	-3.042330e-001
9.091833127129275e-003	2.813649e-001	-2.725252e-001
9.197268634767386e-003	2.494313e-001	-2.405971e-001
9.302704142405499e-003	2.172774e-001	-2.084487e-001
9.408139650043610e-003	1.849033e-001	-1.760798e-001
9.513575157681723e-003	1.523090e-001	-1.434906e-001
9.619010665319836e-003	1.194945e-001	-1.106810e-001
9.724446172957948e-003	8.645970e-002	-7.765098e-002
9.725039609319445e-003	8.627397e-002	-7.762006e-002
9.730161489142125e-003	8.467077e-002	-7.810593e-002
9.730478125460556e-003	8.457165e-002	-7.813592e-002
9.730906080912089e-003	8.443769e-002	-7.746292e-002
9.731320352451467e-003	8.430801e-002	-7.606563e-002
9.731626812148012e-003	8.421207e-002	-7.546256e-002
9.732033985411460e-003	8.408461e-002	-7.530620e-002
9.980417215943284e-003	6.152074e-003	2.645869e-003
1.004287375601959e-002	-1.348764e-002	2.228311e-002
1.010533029609589e-002	-3.310330e-002	4.189638e-002
1.016778683617220e-002	-5.269492e-002	6.148567e-002
1.023024337624850e-002	-7.226249e-002	8.105098e-002
1.029269991632480e-002	-9.180602e-002	1.005923e-001
1.035515645640111e-002	-1.113255e-001	1.201097e-001
1.041761299647741e-002	-1.308209e-001	1.396031e-001
1.060258044208800e-002	-1.886437e-001	1.974201e-001
1.078754788769859e-002	-2.453619e-001	2.541334e-001
1.097251533330918e-002	-3.009758e-001	3.097430e-001
1.115748277891977e-002	-3.554852e-001	3.642488e-001
1.134245022453037e-002	-4.088901e-001	4.176508e-001
1.152741767014096e-002	-4.611906e-001	4.699491e-001
1.171238511575155e-002	-5.123866e-001	5.211436e-001
1.201986346689643e-002	-5.942295e-001	6.029857e-001
1.232734181804131e-002	-6.690144e-001	6.777718e-001
1.263482016918619e-002	-7.367414e-001	7.455020e-001
1.294229852033106e-002	-7.974105e-001	8.061762e-001
1.324977687147594e-002	-8.510217e-001	8.597944e-001
1.355725522262082e-002	-8.975749e-001	9.063566e-001
1.386473357376570e-002	-9.370701e-001	9.458628e-001
1.410014668636100e-002	-9.603065e-001	9.691086e-001
1.455794527750398e-002	-9.886570e-001	9.974817e-001
1.501574386864696e-002	-9.975012e-001	1.006350e+000
1.547354245978994e-002	-9.868389e-001	9.957136e-001
1.593134105093292e-002	-9.566703e-001	9.655724e-001
1.638913964207590e-002	-9.069953e-001	9.159264e-001
1.684693823321888e-002	-8.378139e-001	8.467757e-001
1.730473682436185e-002	-7.491261e-001	7.581202e-001
1.754626165695114e-002	-6.958681e-001	7.048787e-001
1.778778648954042e-002	-6.394705e-001	6.484972e-001
1.802931132212970e-002	-5.799333e-001	5.889755e-001
1.827083615471898e-002	-5.172564e-001	5.263139e-001
1.851236098730826e-002	-4.514398e-001	4.605121e-001
1.875388581989754e-002	-3.824837e-001	3.915704e-001
1.899541065248683e-002	-3.103879e-001	3.194885e-001
1.912248481713975e-002	-2.720632e-001	2.811708e-001
1.924955898179268e-002	-2.334542e-001	2.425685e-001
1.937663314644560e-002	-1.945607e-001	2.036814e-001
1.950370731109852e-002	-1.553828e-001	1.645098e-001
1.963078147575145e-002	-1.159205e-001	1.250534e-001
1.975785564040437e-002	-7.617369e-002	8.531242e-002
1.988492980505730e-002	-3.614249e-002	4.528676e-002
1.990531497275434e-002	-2.974114e-002	3.888626e-002
1.992570014045138e-002	-2.333922e-002	3.248518e-002
1.994608530814843e-002	-1.693674e-002	2.608354e-002
1.996647047584547e-002	-1.053369e-002	1.968133e-002
1.998685564354252e-002	-4.130075e-003	1.327854e-002
2.000724081123956e-002	2.274104e-003	6.875180e-003
2.002762597893661e-002	8.678848e-003	4.712506e-004
2.027652668177798e-002	8.676419e-002	-7.759798e-002
2.028559659358590e-002	8.960249e-002	-7.634221e-002
2.028567078732747e-002	8.962570e-002	-7.640919e-002
2.028576419780805e-002	8.965492e-002	-7.672332e-002
2.028585431838773e-002	8.968312e-002	-7.705148e-002
2.028593675304300e-002	8.970892e-002	-7.715799e-002
2.028673704440991e-002	8.995932e-002	-7.705034e-002
2.028753733577683e-002	9.020971e-002	-7.694146e-002
2.028833762714375e-002	9.046011e-002	-7.683135e-002
2.028913791851067e-002	9.071049e-002	-7.672000e-002
2.028993820987758e-002	9.096087e-002	-7.660741e-002
2.029073850124450e-002	9.121124e-002	-7.649359e-002
2.029153879261142e-002	9.146161e-002	-7.637854e-002
2.029162377722111e-002	9.148820e-002	-7.651157e-002
2.029178230161028e-002	9.153780e-002	-7.778736e-002
2.029193614576360e-002	9.158592e-002	-7.962677e-002
2.029207580709806e-002	9.162962e-002	-8.081411e-002
2.029222969246205e-002	9.167776e-002	-8.156319e-002
2.029244651703554e-002	9.174559e-002	-8.216715e-002
2.029269352611501e-002	9.182286e-002	-8.249823e-002
2.029311844905780e-002	9.195579e-002	-8.277404e-002
2.029436552806883e-002	9.234590e-002	-8.318695e-002
2.046011306156492e-002	1.443871e-001	-1.352220e-001
2.062586059506100e-002	1.956950e-001	-1.865246e-001
2.079160812855709e-002	2.462696e-001	-2.370945e-001
2.095735566205318e-002	2.961111e-001	-2.869319e-001
2.112310319554927e-002	3.452193e-001	-3.360366e-001
2.128885072904535e-002	3.935943e-001	-3.844089e-001
2.145459826254144e-002	4.412360e-001	-4.320485e-001
2.174078487848218e-002	5.212763e-001	-5.120864e-001
2.202697149442291e-002	5.957646e-001	-5.865739e-001
2.231315811036365e-002	6.647008e-001	-6.555111e-001
2.259934472630439e-002	7.280849e-001	-7.188979e-001
2.288553134224512e-002	7.859170e-001	-7.767343e-001
2.317171795818586e-002	8.381970e-001	-8.290204e-001
2.345790457412660e-002	8.849249e-001	-8.757561e-001
2.400537397560212e-002	9.505068e-001	-9.413601e-001
2.455284337707764e-002	9.879052e-001	-9.787834e-001
2.510031277855316e-002	9.971202e-001	-9.880262e-001
2.564778218002868e-002	9.781517e-001	-9.690883e-001
2.619525158150421e-002	9.309998e-001	-9.219698e-001
2.674272098297973e-002	8.556644e-001	-8.466707e-001
2.729019038445525e-002	7.521455e-001	-7.431909e-001
2.752822749383025e-002	6.999635e-001	-6.910251e-001
2.776626460320525e-002	6.446923e-001	-6.357698e-001
2.800430171258024e-002	5.863320e-001	-5.774250e-001
2.824233882195524e-002	5.248826e-001	-5.159906e-001
2.848037593133023e-002	4.603441e-001	-4.514667e-001
2.871841304070523e-002	3.927164e-001	-3.838533e-001
2.895645015008022e-002	3.219996e-001	-3.131504e-001
2.904233533423201e-002	2.962920e-001	-2.874475e-001
2.912822051838380e-002	2.704166e-001	-2.615767e-001
2.921410570253559e-002	2.443734e-001	-2.355381e-001
2.929999088668739e-002	2.181624e-001	-2.093315e-001
2.938587607083917e-002	1.917836e-001	-1.829570e-001
2.947176125499097e-002	1.652370e-001	-1.564147e-001
2.955764643914275e-002	1.385226e-001	-1.297044e-001
2.956374995476776e-002	1.366234e-001	-1.278055e-001
2.972466626564963e-002	8.639082e-002	-7.758870e-002
2.972920190549250e-002	8.497114e-002	-7.797865e-002
2.973035626674538e-002	8.460980e-002	-7.808290e-002
2.973043324016458e-002	8.458570e-002	-7.791883e-002
2.973058718700298e-002	8.453751e-002	-7.737211e-002
2.973082918587746e-002	8.446176e-002	-7.636963e-002
2.973110583688281e-002	8.437516e-002	-7.578903e-002
2.973138585884814e-002	8.428750e-002	-7.556152e-002
2.973181552637895e-002	8.415300e-002	-7.534941e-002
2.997363242890703e-002	8.283522e-003	5.163027e-004
3.000206115203234e-002	-6.475300e-004	9.446206e-003
3.010069141593647e-002	-3.170184e-002	4.049663e-002
3.019932167984061e-002	-6.265174e-002	7.144282e-002
3.029795194374475e-002	-9.349721e-002	1.022848e-001
3.039658220764888e-002	-1.242383e-001	1.330225e-001
3.049521247155302e-002	-1.548749e-001	1.636560e-001
3.059384273545716e-002	-1.854071e-001	1.941852e-001
3.069247299936129e-002	-2.158349e-001	2.246102e-001
3.090655868983555e-002	-2.816602e-001	2.904301e-001
3.112064438030981e-002	-3.455165e-001	3.542819e-001
3.133473007078406e-002	-4.074035e-001	4.161654e-001
3.154881576125833e-002	-4.673215e-001	4.760808e-001
3.176290145173259e-002	-5.252703e-001	5.340280e-001
3.197698714220684e-002	-5.812500e-001	5.900070e-001
3.219107283268110e-002	-6.352605e-001	6.440179e-001
3.255449054765826e-002	-7.208027e-001	7.295632e-001
3.291790826263541e-002	-7.950345e-001	8.038005e-001
3.328132597761257e-002	-8.579558e-001	8.667300e-001
3.364474369258973e-002	-9.095666e-001	9.183515e-001
3.400816140756689e-002	-9.498670e-001	9.586651e-001
3.437157912254404e-002	-9.788569e-001	9.876708e-001
3.473499683752120e-002	-9.965364e-001	1.005369e+000
3.513434114555692e-002	-9.971894e-001	1.006044e+000
3.553368545359265e-002	-9.835191e-001	9.923977e-001
3.593302976162837e-002	-9.555257e-001	9.644287e-001
3.633237406966410e-002	-9.132090e-001	9.221374e-001
3.673171837769981e-002	-8.565692e-001	8.655237e-001
3.713106268573554e-002	-7.856061e-001	7.945877e-001
3.753040699377126e-002	-7.003199e-001	7.093294e-001
3.775972479511056e-002	-6.463313e-001	6.553562e-001
3.798904259644986e-002	-5.897629e-001	5.988029e-001
3.821836039778916e-002	-5.306148e-001	5.396693e-001
3.844767819912846e-002	-4.688868e-001	4.779555e-001
3.867699600046776e-002	-4.045791e-001	4.136614e-001
3.890631380180706e-002	-3.376916e-001	3.467872e-001
3.913563160314636e-002	-2.682243e-001	2.773327e-001
3.925247033082494e-002	-2.325687e-001	2.416832e-001
3.936930905850352e-002	-1.967213e-001	2.058418e-001
3.948614778618210e-002	-1.606821e-001	1.698083e-001
3.960298651386068e-002	-1.244511e-001	1.335828e-001
3.971982524153926e-002	-8.802820e-002	9.716532e-002
3.983666396921784e-002	-5.141353e-002	6.055578e-002
3.995350269689642e-002	-1.460704e-002	2.375421e-002
4.001758961095892e-002	5.525911e-003	3.623853e-003
4.003895191564642e-002	1.223680e-002	-3.086188e-003
4.027661575760448e-002	8.679207e-002	-7.761788e-002
4.028673098501901e-002	8.995742e-002	-7.620855e-002
4.028680571371326e-002	8.998080e-002	-7.628550e-002
4.028689954298750e-002	9.001017e-002	-7.663985e-002
4.028699003580049e-002	9.003848e-002	-7.700834e-002
4.028707260122108e-002	9.006431e-002	-7.712761e-002
4.028773515710020e-002	9.027161e-002	-7.703996e-002
4.028839771297931e-002	9.047891e-002	-7.695090e-002
4.028906026885843e-002	9.068620e-002	-7.686041e-002
4.028972282473755e-002	9.089349e-002	-7.676851e-002
4.029038538061667e-002	9.110078e-002	-7.667518e-002
4.029104793649578e-002	9.130806e-002	-7.658043e-002
4.029171049237490e-002	9.151533e-002	-7.648426e-002
4.029263530430009e-002	9.180465e-002	-7.635377e-002
4.029271763532387e-002	9.183040e-002	-7.648640e-002
4.029287361189504e-002	9.187920e-002	-7.780382e-002
4.029302196830081e-002	9.192561e-002	-7.969782e-002
4.029315492817340e-002	9.196720e-002	-8.093970e-002
4.029330385559120e-002	9.201378e-002	-8.175802e-002
4.029351353243824e-002	9.207938e-002	-8.242329e-002
4.029375303509730e-002	9.215430e-002	-8.279321e-002
4.029415052287774e-002	9.227864e-002	-8.308512e-002
4.029455171331203e-002	9.240414e-002	-8.323785e-002
4.047190745504491e-002	1.480656e-001	-1.388964e-001
4.064926319677779e-002	2.028707e-001	-1.936985e-001
4.082661893851068e-002	2.568194e-001	-2.476441e-001
4.100397468024357e-002	3.099116e-001	-3.007332e-001
4.118133042197646e-002	3.621475e-001	-3.529659e-001
4.135868616370934e-002	4.135269e-001	-4.043420e-001
4.153604190544222e-002	4.640500e-001	-4.548616e-001
4.181510156182212e-002	5.398265e-001	-5.306361e-001
4.213316023850357e-002	6.225871e-001	-6.133966e-001
4.245121891518502e-002	6.975312e-001	-6.883427e-001
4.276927759186647e-002	7.646590e-001	-7.554745e-001
4.308733626854792e-002	8.239703e-001	-8.147918e-001
4.340539494522937e-002	8.754651e-001	-8.662947e-001
4.372345362191081e-002	9.191436e-001	-9.099832e-001
4.404151229859226e-002	9.550056e-001	-9.458573e-001
4.450690133956418e-002	9.863605e-001	-9.772350e-001
4.497229038053611e-002	9.975144e-001	-9.884134e-001
4.543767942150803e-002	9.884674e-001	-9.793924e-001
4.590306846247996e-002	9.592194e-001	-9.501722e-001
4.636845750345187e-002	9.097705e-001	-9.007527e-001
4.683384654442380e-002	8.401207e-001	-8.311338e-001
4.729923558539572e-002	7.502699e-001	-7.413157e-001
4.753901655637788e-002	6.975201e-001	-6.885824e-001
4.777879752736004e-002	6.416585e-001	-6.327368e-001
4.801857849834219e-002	5.826849e-001	-5.737788e-001
4.825835946932436e-002	5.205994e-001	-5.117085e-001
4.849814044030652e-002	4.554020e-001	-4.465258e-001
4.873792141128867e-002	3.870927e-001	-3.782308e-001
4.897770238227083e-002	3.156715e-001	-3.068235e-001
4.908437766652028e-002	2.836075e-001	-2.747653e-001
4.919105295076973e-002	2.513168e-001	-2.424803e-001
4.929772823501918e-002	2.187996e-001	-2.099686e-001
4.940440351926862e-002	1.860558e-001	-1.772302e-001
4.951107880351807e-002	1.530855e-001	-1.442650e-001
4.961775408776752e-002	1.198885e-001	-1.110731e-001
4.972442937201697e-002	8.646496e-002	-7.765449e-002
4.972502280837846e-002	8.627923e-002	-7.762194e-002
4.973014468820115e-002	8.467603e-002	-7.808586e-002
4.973046132451958e-002	8.457691e-002	-7.811449e-002
4.973089154657943e-002	8.444224e-002	-7.744339e-002
4.973130798604445e-002	8.431187e-002	-7.605557e-002
4.973161716217904e-002	8.421509e-002	-7.545880e-002
4.973202682034640e-002	8.408685e-002	-7.530608e-002
4.996070182776263e-002	1.234557e-002	-3.545220e-003
4.998907426711703e-002	3.432414e-003	5.366789e-003
5.007433742913427e-002	-2.339979e-002	3.219560e-002
5.015960059115149e-002	-5.016725e-002	5.895980e-002
5.024486375316873e-002	-7.686996e-002	8.565940e-002
5.033012691518596e-002	-1.035079e-001	1.122944e-001
5.041539007720319e-002	-1.300812e-001	1.388648e-001
5.050065323922042e-002	-1.565896e-001	1.653705e-001
5.058591640123766e-002	-1.830334e-001	1.918117e-001
5.079043831759864e-002	-2.463930e-001	2.551657e-001
5.099496023395961e-002	-3.081188e-001	3.168867e-001
5.119948215032059e-002	-3.682109e-001	3.769749e-001
5.140400406668156e-002	-4.266693e-001	4.354302e-001
5.160852598304254e-002	-4.834939e-001	4.922527e-001
5.181304789940351e-002	-5.386847e-001	5.474423e-001
5.201756981576449e-002	-5.922418e-001	6.009989e-001
5.236882744472816e-002	-6.789549e-001	6.877136e-001
5.272008507369184e-002	-7.555378e-001	7.643005e-001
5.307134270265552e-002	-8.219905e-001	8.307596e-001
5.342260033161919e-002	-8.783131e-001	8.870910e-001
5.377385796058287e-002	-9.245056e-001	9.332947e-001
5.412511558954655e-002	-9.605679e-001	9.693707e-001
5.447637321851022e-002	-9.865000e-001	9.953189e-001
5.489751579663522e-002	-9.976249e-001	1.006467e+000
5.531865837476024e-002	-9.925275e-001	1.001393e+000
5.573980095288524e-002	-9.712078e-001	9.800987e-001
5.616094353101025e-002	-9.336658e-001	9.425829e-001
5.658208610913526e-002	-8.799016e-001	8.888459e-001
5.700322868726027e-002	-8.099150e-001	8.188878e-001
5.742437126538528e-002	-7.237061e-001	7.327085e-001
5.765979258234958e-002	-6.698937e-001	6.789120e-001
5.789521389931388e-002	-6.132390e-001	6.222728e-001
5.813063521627818e-002	-5.537420e-001	5.627909e-001
5.836605653324248e-002	-4.914027e-001	5.004662e-001
5.860147785020678e-002	-4.262211e-001	4.352989e-001
5.883689916717108e-002	-3.581972e-001	3.672887e-001
5.907232048413538e-002	-2.873310e-001	2.964359e-001
5.921880485913540e-002	-2.429635e-001	2.520762e-001
5.932692427877826e-002	-2.097838e-001	2.189022e-001
5.943504369842112e-002	-1.764588e-001	1.855826e-001
5.954316311806399e-002	-1.429884e-001	1.521174e-001
5.965128253770685e-002	-1.093725e-001	1.185066e-001
5.975940195734972e-002	-7.561130e-002	8.475018e-002
5.986752137699258e-002	-4.170465e-002	5.084822e-002
5.997564079663544e-002	-7.652595e-003	1.680067e-002
5.998784782788545e-002	-3.817568e-003	1.296614e-002
6.000005485913544e-002	1.737359e-005	9.131690e-003
6.001226189038544e-002	3.852231e-003	5.297321e-003
6.002446892163545e-002	7.687004e-003	1.463035e-003
6.003667595288545e-002	1.152169e-002	-2.371170e-003
6.004888298413545e-002	1.535630e-002	-6.205294e-003
6.006109001538545e-002	1.919082e-002	-1.003934e-002
6.027623894116671e-002	8.667413e-002	-7.751465e-002
6.027683180571152e-002	8.685968e-002	-7.752558e-002
6.028294213186831e-002	8.877188e-002	-7.666093e-002
6.028302203802499e-002	8.879688e-002	-7.671579e-002
6.028321296116317e-002	8.885663e-002	-7.721163e-002
6.028329683023898e-002	8.888287e-002	-7.728267e-002
6.028849966876882e-002	9.051081e-002	-7.655260e-002
6.028880237599443e-002	9.060551e-002	-7.650987e-002
6.028912272597347e-002	9.070574e-002	-7.747654e-002
6.028944520606140e-002	9.080663e-002	-7.984056e-002
6.028963691379909e-002	9.086661e-002	-8.098169e-002
6.028992764100382e-002	9.095757e-002	-8.158322e-002
6.029022539318795e-002	9.105072e-002	-8.181246e-002
6.029050847636296e-002	9.113928e-002	-8.196200e-002
6.029698995977556e-002	9.316685e-002	-8.399966e-002
6.030347144318817e-002	9.519401e-002	-8.603429e-002
6.030995292660078e-002	9.722077e-002	-8.806591e-002
6.031643441001339e-002	9.924712e-002	-9.009451e-002
6.032291589342599e-002	1.012731e-001	-9.212009e-002
6.032939737683860e-002	1.032986e-001	-9.414266e-002
6.033587886025121e-002	1.053237e-001	-9.616221e-002
6.050719127065203e-002	1.590402e-001	-1.498731e-001
6.067850368105286e-002	2.119204e-001	-2.027483e-001
6.084981609145368e-002	2.639644e-001	-2.547878e-001
6.102112850185450e-002	3.151722e-001	-3.059918e-001
6.119244091225533e-002	3.655438e-001	-3.563601e-001
6.136375332265615e-002	4.150791e-001	-4.058928e-001
6.153506573305698e-002	4.637783e-001	-4.545898e-001
6.183752940270239e-002	5.470666e-001	-5.378761e-001
6.213999307234781e-002	6.239218e-001	-6.147312e-001
6.244245674199323e-002	6.943439e-001	-6.851551e-001
6.274492041163865e-002	7.583330e-001	-7.491479e-001
6.304738408128406e-002	8.158890e-001	-8.067096e-001
6.334984775092949e-002	8.670120e-001	-8.578401e-001
6.365231142057490e-002	9.117019e-001	-9.025396e-001
6.416986777023449e-002	9.648752e-001	-9.557351e-001
6.468742411989407e-002	9.928734e-001	-9.837580e-001
6.520498046955367e-002	9.956967e-001	-9.866083e-001
6.572253681921325e-002	9.733449e-001	-9.642861e-001
6.624009316887285e-002	9.258181e-001	-9.167912e-001
6.675764951853244e-002	8.531163e-001	-8.441238e-001
6.727520586819202e-002	7.552394e-001	-7.462838e-001
6.751673070078132e-002	7.024987e-001	-6.935596e-001
6.775825553337063e-002	6.465741e-001	-6.376511e-001
6.799978036595993e-002	5.874657e-001	-5.785584e-001
6.824130519854924e-002	5.251734e-001	-5.162814e-001
6.848283003113853e-002	4.596973e-001	-4.508201e-001
6.872435486372784e-002	3.910374e-001	-3.821746e-001
6.896587969631714e-002	3.191936e-001	-3.103448e-001
6.907427869889583e-002	2.866432e-001	-2.777986e-001
6.918267770147452e-002	2.538570e-001	-2.450175e-001
6.929107670405321e-002	2.208350e-001	-2.120016e-001
6.939947570663191e-002	1.875771e-001	-1.787508e-001
6.950787470921060e-002	1.540835e-001	-1.452651e-001
6.961627371178929e-002	1.203541e-001	-1.115446e-001
6.972467271436798e-002	8.638880e-002	-7.758928e-002
6.972980719385755e-002	8.478168e-002	-7.803474e-002
6.973024335466979e-002	8.464514e-002	-7.807419e-002
6.973078581845302e-002	8.447534e-002	-7.726281e-002
6.973129856787788e-002	8.431482e-002	-7.580291e-002
6.973167029385612e-002	8.419846e-002	-7.534081e-002
6.973214308368930e-002	8.405045e-002	-7.526784e-002
6.997768779940132e-002	7.009527e-003	1.790134e-003
7.000901839362413e-002	-2.835590e-003	1.163399e-002
7.004034898784695e-002	-1.267805e-002	2.147520e-002
7.007167958206975e-002	-2.251785e-002	3.131378e-002
7.010301017629256e-002	-3.235500e-002	4.114971e-002
7.013434077051536e-002	-4.218949e-002	5.098301e-002
7.016567136473818e-002	-5.202132e-002	6.081366e-002
7.019700195896099e-002	-6.185049e-002	7.064167e-002
7.032877475230986e-002	-1.032781e-001	1.120646e-001
7.046054754565874e-002	-1.443545e-001	1.531366e-001
7.059232033900761e-002	-1.850798e-001	1.938579e-001
7.072409313235650e-002	-2.254539e-001	2.342283e-001
7.085586592570538e-002	-2.654769e-001	2.742480e-001
7.098763871905425e-002	-3.051487e-001	3.139168e-001
7.111941151240313e-002	-3.444694e-001	3.532348e-001
7.112263672063195e-002	-3.454204e-001	3.541858e-001
7.137742817070862e-002	-4.203802e-001	4.291415e-001
7.163221962078530e-002	-4.915879e-001	5.003464e-001
7.188701107086197e-002	-5.590433e-001	5.678005e-001
7.214180252093864e-002	-6.227465e-001	6.315037e-001
7.239659397101532e-002	-6.826975e-001	6.914561e-001
7.265138542109199e-002	-7.388963e-001	7.476577e-001
7.290617687116867e-002	-7.913429e-001	8.001084e-001
7.353364163383741e-002	-8.962855e-001	9.050703e-001
7.416110639650614e-002	-9.642994e-001	9.731079e-001
7.478857115917488e-002	-9.953845e-001	1.004221e+000
7.541603592184361e-002	-9.895408e-001	9.984101e-001
7.604350068451235e-002	-9.467684e-001	9.556747e-001
7.667096544718108e-002	-8.670672e-001	8.760150e-001
7.729843020984982e-002	-7.504371e-001	7.594309e-001
7.754082697324269e-002	-6.970829e-001	7.060933e-001
7.778322373663557e-002	-6.405616e-001	6.495881e-001
7.802562050002844e-002	-5.808732e-001	5.899154e-001
7.826801726342131e-002	-5.180177e-001	5.270752e-001
7.851041402681418e-002	-4.519951e-001	4.610674e-001
7.875281079020706e-002	-3.828054e-001	3.918921e-001
7.899520755359993e-002	-3.104486e-001	3.195492e-001
7.912643313953739e-002	-2.708346e-001	2.799424e-001
7.925765872547487e-002	-2.309316e-001	2.400464e-001
7.938888431141233e-002	-1.907396e-001	1.998610e-001
7.952010989734981e-002	-1.502586e-001	1.593864e-001
7.965133548328728e-002	-1.094885e-001	1.186225e-001
7.978256106922475e-002	-6.842947e-002	7.756937e-002
7.991378665516222e-002	-2.708141e-002	3.622694e-002
8.002059817859969e-002	6.471063e-003	2.678821e-003
8.027661409704126e-002	8.679155e-002	-7.761972e-002
8.027809253166056e-002	8.725425e-002	-7.741746e-002
8.027957096627984e-002	8.771693e-002	-7.721494e-002
8.028104940089914e-002	8.817960e-002	-7.701216e-002
8.028252783551843e-002	8.864224e-002	-7.680911e-002
8.028400627013772e-002	8.910487e-002	-7.660580e-002
8.028548470475701e-002	8.956747e-002	-7.640224e-002
8.028696313937631e-002	9.003006e-002	-7.619841e-002
8.028700127408268e-002	9.004200e-002	-7.628766e-002
8.028706772416683e-002	9.006278e-002	-7.663141e-002
8.028713316294282e-002	9.008326e-002	-7.697807e-002
8.028720453763615e-002	9.010559e-002	-7.715626e-002
8.028728950760328e-002	9.013218e-002	-7.719689e-002
8.029240552894636e-002	9.173276e-002	-7.648080e-002
8.029256558614845e-002	9.178283e-002	-7.645818e-002
8.029288570055264e-002	9.188297e-002	-7.765997e-002
8.029322326062623e-002	9.198857e-002	-8.069276e-002
8.029338999392469e-002	9.204073e-002	-8.193144e-002
8.029364364061316e-002	9.212008e-002	-8.263877e-002
8.029389838163013e-002	9.219977e-002	-8.290209e-002
8.029414831933755e-002	9.227795e-002	-8.307392e-002
8.029546112430445e-002	9.268862e-002	-8.353288e-002
8.045938665742997e-002	1.441502e-001	-1.349870e-001
8.062331219055549e-002	1.948988e-001	-1.857291e-001
8.078723772368100e-002	2.449343e-001	-2.357591e-001
8.095116325680653e-002	2.942569e-001	-2.850771e-001
8.111508878993204e-002	3.428664e-001	-3.336831e-001
8.127901432305756e-002	3.907628e-001	-3.815770e-001
8.144293985618308e-002	4.379463e-001	-4.287589e-001
8.171687599823267e-002	5.147924e-001	-5.056026e-001
8.199081214028225e-002	5.866096e-001	-5.774189e-001
8.226474828233185e-002	6.533977e-001	-6.442077e-001
8.253868442438145e-002	7.151568e-001	-7.059691e-001
8.281262056643104e-002	7.718869e-001	-7.627029e-001
8.308655670848063e-002	8.235880e-001	-8.144094e-001
8.336049285053022e-002	8.702601e-001	-8.610883e-001
8.392288424822557e-002	9.424014e-001	-9.332516e-001
8.448527564592093e-002	9.848016e-001	-9.756767e-001
8.504766704361627e-002	9.974607e-001	-9.883638e-001
8.561005844131163e-002	9.803786e-001	-9.713128e-001
8.617244983900697e-002	9.335554e-001	-9.245238e-001
8.673484123670233e-002	8.569912e-001	-8.479966e-001
8.729723263439768e-002	7.506858e-001	-7.417315e-001
8.760851193127270e-002	6.825953e-001	-6.736622e-001
8.783259814779057e-002	6.287519e-001	-6.198338e-001
8.805668436430843e-002	5.725255e-001	-5.636219e-001
8.828077058082630e-002	5.139160e-001	-5.050265e-001
8.850485679734417e-002	4.529233e-001	-4.440476e-001
8.872894301386204e-002	3.895476e-001	-3.806851e-001
8.895302923037990e-002	3.237888e-001	-3.149392e-001
8.917711544689777e-002	2.556469e-001	-2.468097e-001
8.925530311692426e-002	2.317886e-001	-2.229555e-001
8.933349078695074e-002	2.078268e-001	-1.989977e-001
8.941167845697723e-002	1.837615e-001	-1.749363e-001
8.948986612700371e-002	1.595927e-001	-1.507713e-001
8.956805379703020e-002	1.353203e-001	-1.265026e-001
8.964624146705669e-002	1.109444e-001	-1.021304e-001
8.972442913708317e-002	8.646504e-002	-7.765456e-002
8.972502257344467e-002	8.627930e-002	-7.762202e-002
8.973014445326737e-002	8.467610e-002	-7.808594e-002
8.973046108958580e-002	8.457699e-002	-7.811457e-002
8.973089131151386e-002	8.444231e-002	-7.744347e-002
8.973130775085175e-002	8.431195e-002	-7.605565e-002
8.973161692682524e-002	8.421516e-002	-7.545888e-002
8.973202658484523e-002	8.408692e-002	-7.530615e-002
8.996070143049438e-002	1.234570e-002	-3.545345e-003
8.998907384914119e-002	3.432545e-003	5.366657e-003
9.007433586887786e-002	-2.339930e-002	3.219511e-002
9.015959788861454e-002	-5.016640e-002	5.895896e-002
9.024485990835121e-002	-7.686875e-002	8.565820e-002
9.033012192808787e-002	-1.035064e-001	1.122928e-001
9.041538394782454e-002	-1.300792e-001	1.388629e-001
9.050064596756122e-002	-1.565874e-001	1.653683e-001
9.058590798729789e-002	-1.830308e-001	1.918091e-001
9.079041746880492e-002	-2.463865e-001	2.551592e-001
9.099492695031196e-002	-3.081088e-001	3.168767e-001
9.119943643181899e-002	-3.681976e-001	3.769615e-001
9.140394591332601e-002	-4.266528e-001	4.354138e-001
9.160845539483305e-002	-4.834746e-001	4.922334e-001
9.181296487634008e-002	-5.386629e-001	5.474204e-001
9.201747435784712e-002	-5.922177e-001	6.009748e-001
9.236871317510867e-002	-6.789283e-001	6.876870e-001
9.271995199237022e-002	-7.555102e-001	7.642729e-001
9.307119080963178e-002	-8.219633e-001	8.307324e-001
9.342242962689333e-002	-8.782877e-001	8.870656e-001
9.377366844415488e-002	-9.244833e-001	9.332725e-001
9.412490726141644e-002	-9.605502e-001	9.693530e-001
9.447614607867799e-002	-9.864883e-001	9.953072e-001
9.489728865680300e-002	-9.976231e-001	1.006465e+000
9.531843123492800e-002	-9.925352e-001	1.001401e+000
9.573957381305301e-002	-9.712246e-001	9.801155e-001
9.616071639117801e-002	-9.336914e-001	9.426084e-001
9.658185896930302e-002	-8.799354e-001	8.888797e-001
9.700300154742803e-002	-8.099567e-001	8.189295e-001
9.742414412555303e-002	-7.237554e-001	7.327577e-001
9.765956544251733e-002	-6.699467e-001	6.789650e-001
9.789498675948163e-002	-6.132954e-001	6.223292e-001
9.813040807644594e-002	-5.538014e-001	5.628503e-001
9.836582939341024e-002	-4.914648e-001	5.005284e-001
9.860125071037454e-002	-4.262856e-001	4.353634e-001
9.883667202733884e-002	-3.582638e-001	3.673553e-001
9.907209334430314e-002	-2.873993e-001	2.965042e-001
9.919503558760669e-002	-2.500585e-001	2.591700e-001
9.931797783091022e-002	-2.124858e-001	2.216037e-001
9.944092007421376e-002	-1.746813e-001	1.838054e-001
9.956386231751729e-002	-1.366450e-001	1.457749e-001
9.968680456082084e-002	-9.837677e-002	1.075124e-001
9.980974680412437e-002	-5.987670e-002	6.901780e-002
9.993268904742791e-002	-2.114478e-002	3.029110e-002
9.998762068805291e-002	-3.889066e-003	1.303763e-002
1.000000000000000e-001	2.328067e-015	9.149062e-003
