time	V(vin)	V(vout)
0.000000000000000e+000	0.000000e+000	6.266358e-002
5.714285699858532e-007	1.795196e-004	6.244564e-002
1.142857139971706e-006	3.590392e-004	6.201085e-002
1.714285709957560e-006	5.385587e-004	6.135923e-002
2.285714279943413e-006	7.180782e-004	6.049077e-002
2.857142849929266e-006	8.975977e-004	5.940548e-002
3.428571419915119e-006	1.077117e-003	5.810335e-002
3.999999989900971e-006	1.256637e-003	5.658438e-002
6.897790830619253e-006	2.167003e-003	4.855156e-002
1.011991026023386e-005	3.179258e-003	3.871872e-002
2.104591914396867e-005	6.611723e-003	4.484233e-003
3.423254603599173e-005	1.075444e-002	-3.692617e-002
4.741917292801478e-005	1.489680e-002	-7.832937e-002
6.060579982003784e-005	1.903879e-002	-1.197254e-001
7.379242671206091e-005	2.318043e-002	-1.611142e-001
8.697905360408398e-005	2.732170e-002	-2.024957e-001
1.001656804961070e-004	3.146260e-002	-2.438701e-001
1.133523073881301e-004	3.560315e-002	-2.852373e-001
1.191098832530240e-004	3.741074e-002	-2.850161e-001
1.193965716545830e-004	3.750074e-002	-2.858552e-001
1.205505248959484e-004	3.786301e-002	-2.963973e-001
1.212263335771282e-004	3.807517e-002	-3.011331e-001
1.225028987181375e-004	3.847592e-002	-3.089650e-001
1.238480142127705e-004	3.889818e-002	-3.152761e-001
1.265382452020366e-004	3.974269e-002	-3.258807e-001
1.291375410186163e-004	4.055863e-002	-3.345128e-001
1.373406748961072e-004	4.313350e-002	-3.603749e-001
1.455438087735981e-004	4.570805e-002	-3.862054e-001
1.537469426510890e-004	4.828226e-002	-4.120041e-001
1.619500765285800e-004	5.085615e-002	-4.377711e-001
1.701532104060709e-004	5.342971e-002	-4.635064e-001
1.783563442835618e-004	5.600294e-002	-4.892100e-001
1.865594781610527e-004	5.857584e-002	-5.148818e-001
3.341703629168668e-004	1.050339e-001	-9.792388e-001
4.817812476726809e-004	1.510219e-001	-1.438918e+000
6.293921324284949e-004	1.965399e-001	-1.893919e+000
7.770030171843091e-004	2.415878e-001	-2.344241e+000
9.246139019401231e-004	2.861657e-001	-2.789886e+000
1.072224786695937e-003	3.302735e-001	-3.230852e+000
1.219835671451751e-003	3.739113e-001	-3.667141e+000
1.484505007536178e-003	4.507275e-001	-4.435202e+000
1.749174343620606e-003	5.232852e-001	-5.160749e+000
2.013843679705034e-003	5.915845e-001	-5.843783e+000
2.278513015789461e-003	6.556254e-001	-6.484303e+000
2.543182351873888e-003	7.154078e-001	-7.082310e+000
2.807851687958316e-003	7.709319e-001	-7.637804e+000
3.072521024042743e-003	8.221975e-001	-8.150784e+000
3.204322800804251e-003	8.450548e-001	-8.379539e+000
3.794130093500255e-003	9.285497e-001	-9.215656e+000
4.383937386196261e-003	9.793638e-001	-9.725091e+000
4.973744678892266e-003	9.974969e-001	-9.907844e+000
5.563551971588271e-003	9.829491e-001	-9.763917e+000
6.153359264284276e-003	9.357204e-001	-9.293307e+000
6.743166556980281e-003	8.558109e-001	-8.496016e+000
7.332973849676284e-003	7.432204e-001	-7.372044e+000
7.571446924453079e-003	6.902005e-001	-6.842566e+000
7.809919999229875e-003	6.341450e-001	-6.282706e+000
8.048393074006672e-003	5.750539e-001	-5.692464e+000
8.286866148783467e-003	5.129273e-001	-5.071839e+000
8.525339223560262e-003	4.477651e-001	-4.420832e+000
8.763812298337058e-003	3.795674e-001	-3.739443e+000
9.002285373113853e-003	3.083341e-001	-3.027672e+000
9.279995334051371e-003	2.242722e-001	-2.187648e+000
9.367420794528576e-003	1.973732e-001	-1.918833e+000
9.454846255005782e-003	1.703766e-001	-1.649038e+000
9.542271715482987e-003	1.432826e-001	-1.378261e+000
9.629697175960190e-003	1.160910e-001	-1.106502e+000
9.717122636437396e-003	8.880184e-002	-8.337626e-001
9.804548096914601e-003	6.141518e-002	-5.600415e-001
9.891973557391806e-003	3.393099e-002	-2.853389e-001
9.892266975823729e-003	3.383887e-002	-2.847110e-001
9.892916659525384e-003	3.363488e-002	-2.848184e-001
9.897603212145468e-003	3.216335e-002	-2.863492e-001
9.898186273634410e-003	3.198027e-002	-2.865397e-001
9.898332039006646e-003	3.193450e-002	-2.856228e-001
9.898521603306345e-003	3.187498e-002	-2.844163e-001
9.898714421912676e-003	3.181443e-002	-2.838524e-001
9.908966609115994e-003	2.859508e-002	-2.872849e-001
9.909041757038301e-003	2.857149e-002	-2.873094e-001
9.909192052882912e-003	2.852429e-002	-2.866274e-001
9.909327788592510e-003	2.848166e-002	-2.850136e-001
9.909458473059239e-003	2.844062e-002	-2.838700e-001
9.909554290833291e-003	2.841053e-002	-2.837847e-001
9.915081659622640e-003	2.667472e-002	-2.856302e-001
9.915200544241056e-003	2.663738e-002	-2.850627e-001
9.915438313477885e-003	2.656271e-002	-2.797268e-001
9.915752753901767e-003	2.646396e-002	-2.698348e-001
9.916042128166960e-003	2.637308e-002	-2.623868e-001
9.916412889931722e-003	2.625665e-002	-2.537253e-001
9.917154413461244e-003	2.602377e-002	-2.393538e-001
9.918637460520290e-003	2.555801e-002	-2.192007e-001
9.920179200301039e-003	2.507382e-002	-2.058273e-001
9.921939326017832e-003	2.452103e-002	-1.955200e-001
9.924055205405123e-003	2.385650e-002	-1.862627e-001
9.926654037236856e-003	2.304027e-002	-1.770030e-001
9.930554038711466e-003	2.181536e-002	-1.642700e-001
9.938191292640106e-003	1.941652e-002	-1.402811e-001
9.945828546568744e-003	1.701761e-002	-1.162940e-001
9.953465800497384e-003	1.461862e-002	-9.230881e-002
9.961103054426022e-003	1.221955e-002	-6.832553e-002
9.968740308354662e-003	9.820398e-003	-4.434416e-002
9.976377562283300e-003	7.421174e-003	-2.036468e-002
9.984014816211939e-003	5.021872e-003	3.612896e-003
1.003764162097173e-002	-1.183713e-002	1.721250e-001
1.009126842573152e-002	-2.868083e-002	3.404868e-001
1.014489523049132e-002	-4.550923e-002	5.086980e-001
1.019852203525111e-002	-6.232233e-002	6.767589e-001
1.025214884001090e-002	-7.912014e-002	8.446693e-001
1.030577564477069e-002	-9.590265e-002	1.012429e+000
1.035940244953048e-002	-1.126699e-001	1.180039e+000
1.053837983507555e-002	-1.687572e-001	1.740722e+000
1.071735722062061e-002	-2.238845e-001	2.291836e+000
1.089633460616568e-002	-2.780518e-001	2.833380e+000
1.107531199171074e-002	-3.312591e-001	3.365355e+000
1.125428937725581e-002	-3.835064e-001	3.887762e+000
1.143326676280087e-002	-4.347937e-001	4.400598e+000
1.161224414834594e-002	-4.851209e-001	4.903866e+000
1.197833425514266e-002	-5.822651e-001	5.875397e+000
1.231536959155869e-002	-6.665375e-001	6.718329e+000
1.265240492797472e-002	-7.415838e-001	7.469098e+000
1.298944026439074e-002	-8.074041e-001	8.127704e+000
1.332647560080677e-002	-8.639982e-001	8.694146e+000
1.366351093722280e-002	-9.113663e-001	9.168424e+000
1.400054627363883e-002	-9.495083e-001	9.550538e+000
1.433758161005485e-002	-9.784242e-001	9.840489e+000
1.477359972608510e-002	-9.956444e-001	1.001388e+001
1.520961784211534e-002	-9.953509e-001	1.001216e+001
1.564563595814558e-002	-9.775438e-001	9.835342e+000
1.608165407417582e-002	-9.422229e-001	9.483419e+000
1.651767219020606e-002	-8.893883e-001	8.956393e+000
1.695369030623631e-002	-8.190401e-001	8.254263e+000
1.738970842226655e-002	-7.311781e-001	7.377029e+000
1.751286864827102e-002	-7.041319e-001	7.106939e+000
1.763602887427549e-002	-6.761406e-001	6.827393e+000
1.775918910027997e-002	-6.472043e-001	6.538391e+000
1.788234932628444e-002	-6.173229e-001	6.239932e+000
1.800550955228891e-002	-5.864964e-001	5.932017e+000
1.812866977829338e-002	-5.547249e-001	5.614645e+000
1.825183000429785e-002	-5.220083e-001	5.287817e+000
1.825488176211036e-002	-5.211903e-001	5.279646e+000
1.844256486757912e-002	-4.695161e-001	4.763406e+000
1.863024797304788e-002	-4.166812e-001	4.235535e+000
1.881793107851664e-002	-3.626854e-001	3.696032e+000
1.900561418398540e-002	-3.075288e-001	3.144898e+000
1.919329728945417e-002	-2.512113e-001	2.582132e+000
1.938098039492293e-002	-1.937331e-001	2.007734e+000
1.956866350039169e-002	-1.350940e-001	1.421705e+000
1.963275041445419e-002	-1.150987e-001	1.221868e+000
1.969683732851670e-002	-9.507709e-002	1.021765e+000
1.976092424257920e-002	-7.502912e-002	8.213940e-001
1.982501115664171e-002	-5.495482e-002	6.207566e-001
1.988909807070421e-002	-3.485418e-002	4.198525e-001
1.995318498476672e-002	-1.472721e-002	2.186815e-001
2.001727189882922e-002	5.426100e-003	1.724378e-002
2.002490129336047e-002	7.822893e-003	-6.713031e-003
2.011360971129871e-002	3.568397e-002	-2.851104e-001
2.011448914464819e-002	3.596007e-002	-2.848331e-001
2.011536857799767e-002	3.623617e-002	-2.845330e-001
2.011624801134715e-002	3.651227e-002	-2.842100e-001
2.011712744469663e-002	3.678837e-002	-2.838641e-001
2.011800687804611e-002	3.706446e-002	-2.834954e-001
2.011888631139559e-002	3.734055e-002	-2.831039e-001
2.011976574474507e-002	3.761664e-002	-2.826895e-001
2.012048493183804e-002	3.784242e-002	-2.856642e-001
2.012907823373055e-002	4.054001e-002	-2.819459e-001
2.012937286728216e-002	4.063250e-002	-2.838452e-001
2.012975320787286e-002	4.075189e-002	-2.875848e-001
2.013479578167995e-002	4.233469e-002	-2.852851e-001
2.013510275629685e-002	4.243104e-002	-2.851552e-001
2.013560609436343e-002	4.258903e-002	-2.901526e-001
2.013623755579892e-002	4.278722e-002	-3.061435e-001
2.013649014037312e-002	4.286650e-002	-3.120980e-001
2.013699530952151e-002	4.302506e-002	-3.221237e-001
2.013800564781830e-002	4.334217e-002	-3.379489e-001
2.013901806120507e-002	4.365993e-002	-3.493495e-001
2.014060163395345e-002	4.415694e-002	-3.620304e-001
2.014236164976562e-002	4.470932e-002	-3.717374e-001
2.014483991834398e-002	4.548710e-002	-3.820170e-001
2.014748301263094e-002	4.631658e-002	-3.911266e-001
2.015818072642655e-002	4.967349e-002	-4.250335e-001
2.030017670788615e-002	9.438134e-002	-8.719309e-001
2.044217268934575e-002	1.386834e-001	-1.314790e+000
2.058416867080535e-002	1.825797e-001	-1.753610e+000
2.072616465226495e-002	2.260703e-001	-2.188392e+000
2.086816063372455e-002	2.691551e-001	-2.619135e+000
2.101015661518415e-002	3.118341e-001	-3.045839e+000
2.115215259664375e-002	3.541074e-001	-3.468505e+000
2.145878967033167e-002	4.424173e-001	-4.351529e+000
2.175094872238057e-002	5.240164e-001	-5.167538e+000
2.204310777442947e-002	5.998036e-001	-5.925509e+000
2.233526682647837e-002	6.697791e-001	-6.625442e+000
2.262742587852728e-002	7.339427e-001	-7.267336e+000
2.291958493057618e-002	7.922945e-001	-7.851193e+000
2.321174398262508e-002	8.448344e-001	-8.377011e+000
2.350390303467398e-002	8.915625e-001	-8.844790e+000
2.404736438435887e-002	9.543848e-001	-9.474244e+000
2.459082573404377e-002	9.894500e-001	-9.826217e+000
2.513428708372867e-002	9.967581e-001	-9.900709e+000
2.567774843341356e-002	9.763090e-001	-9.697720e+000
2.622120978309846e-002	9.281028e-001	-9.217250e+000
2.676467113278335e-002	8.521395e-001	-8.459299e+000
2.730813248246825e-002	7.484190e-001	-7.423867e+000
2.754311783403076e-002	6.974638e-001	-6.915025e+000
2.777069177376292e-002	6.437176e-001	-6.378241e+000
2.799826571349507e-002	5.874395e-001	-5.816113e+000
2.822583965322723e-002	5.286296e-001	-5.228639e+000
2.845341359295939e-002	4.672879e-001	-4.615820e+000
2.868098753269155e-002	4.034144e-001	-3.977656e+000
2.890856147242370e-002	3.370090e-001	-3.314147e+000
2.913613541215586e-002	2.680719e-001	-2.625293e+000
2.924415729073869e-002	2.351328e-001	-2.296109e+000
2.935217916932152e-002	2.020191e-001	-1.965185e+000
2.946020104790435e-002	1.687309e-001	-1.632519e+000
2.956822292648718e-002	1.352681e-001	-1.298113e+000
2.967624480507001e-002	1.016307e-001	-9.619651e-001
2.978426668365284e-002	6.781867e-002	-6.240766e-001
2.989228856223566e-002	3.383209e-002	-2.844471e-001
2.989950721779653e-002	3.156549e-002	-2.866303e-001
2.989965131949506e-002	3.152025e-002	-2.866752e-001
2.989993952289214e-002	3.142975e-002	-2.856503e-001
2.990012914801890e-002	3.137021e-002	-2.842219e-001
2.990031771912309e-002	3.131099e-002	-2.835505e-001
2.990535749041941e-002	2.972844e-002	-2.852145e-001
2.990566467654066e-002	2.963198e-002	-2.853105e-001
2.990619257564117e-002	2.946621e-002	-2.817015e-001
2.990672161116075e-002	2.930008e-002	-2.726001e-001
2.990719504436204e-002	2.915141e-002	-2.647286e-001
2.990782301022784e-002	2.895421e-002	-2.567090e-001
2.990885358597301e-002	2.863058e-002	-2.458996e-001
2.990994565987762e-002	2.828763e-002	-2.375584e-001
2.991178012258269e-002	2.771154e-002	-2.269619e-001
2.991373362913559e-002	2.709806e-002	-2.186803e-001
2.991673258233489e-002	2.615625e-002	-2.079418e-001
2.991996093600271e-002	2.514236e-002	-1.975616e-001
2.998269499139436e-002	5.436502e-003	-4.933677e-004
3.003604884085008e-002	-1.133659e-002	1.671594e-001
3.008940269030580e-002	-2.809474e-002	3.346653e-001
3.014275653976152e-002	-4.483795e-002	5.020243e-001
3.019611038921725e-002	-6.156622e-002	6.692364e-001
3.024946423867297e-002	-7.827955e-002	8.363017e-001
3.030281808812869e-002	-9.497793e-002	1.003220e+000
3.035617193758441e-002	-1.116614e-001	1.169991e+000
3.046799575904640e-002	-1.466018e-001	1.519272e+000
3.057981958050839e-002	-1.812554e-001	1.865697e+000
3.069164340197038e-002	-2.156223e-001	2.209266e+000
3.080346722343236e-002	-2.497024e-001	2.549979e+000
3.091529104489435e-002	-2.834957e-001	2.887836e+000
3.102711486635634e-002	-3.170022e-001	3.222838e+000
3.113893868781833e-002	-3.502220e-001	3.554983e+000
3.114064406200185e-002	-3.507238e-001	3.560000e+000
3.139352669092896e-002	-4.249671e-001	4.302363e+000
3.164640931985607e-002	-4.954870e-001	5.007553e+000
3.189929194878319e-002	-5.622834e-001	5.675570e+000
3.215217457771030e-002	-6.253563e-001	6.306415e+000
3.240505720663742e-002	-6.847057e-001	6.900087e+000
3.265793983556452e-002	-7.403318e-001	7.456586e+000
3.291082246449164e-002	-7.922343e-001	7.975913e+000
3.353466041427333e-002	-8.965018e-001	9.019731e+000
3.415849836405501e-002	-9.642274e-001	9.698290e+000
3.478233631383670e-002	-9.954112e-001	1.001159e+001
3.540617426361838e-002	-9.900532e-001	9.959630e+000
3.603001221340007e-002	-9.481533e-001	9.542410e+000
3.665385016318176e-002	-8.697116e-001	8.759930e+000
3.727768811296344e-002	-7.547281e-001	7.612191e+000
3.747605237077589e-002	-7.124065e-001	7.189578e+000
3.770863991262851e-002	-6.584559e-001	6.650771e+000
3.794122745448113e-002	-6.017901e-001	6.084785e+000
3.817381499633375e-002	-5.424093e-001	5.491621e+000
3.840640253818636e-002	-4.803132e-001	4.871278e+000
3.863899008003898e-002	-4.155021e-001	4.223756e+000
3.887157762189160e-002	-3.479758e-001	3.549055e+000
3.910416516374422e-002	-2.777343e-001	2.847175e+000
3.922531659083133e-002	-2.408417e-001	2.478510e+000
3.934646801791845e-002	-2.037359e-001	2.107700e+000
3.946761944500557e-002	-1.664168e-001	1.734746e+000
3.958877087209269e-002	-1.288845e-001	1.359649e+000
3.970992229917980e-002	-9.113903e-002	9.824074e-001
3.983107372626692e-002	-5.318030e-002	6.030222e-001
3.995222515335404e-002	-1.500835e-002	2.214932e-001
4.001952931104767e-002	6.135276e-003	1.015688e-002
4.002612775788037e-002	8.208185e-003	-1.056263e-002
4.011376588442428e-002	3.573300e-002	-2.855830e-001
4.012188232398951e-002	3.828111e-002	-2.823237e-001
4.012223056574413e-002	3.839043e-002	-2.855965e-001
4.012245347622379e-002	3.846041e-002	-2.862788e-001
4.013317442469402e-002	4.182578e-002	-2.817461e-001
4.013346847252126e-002	4.191807e-002	-2.844793e-001
4.013369815023259e-002	4.199016e-002	-2.858801e-001
4.014470847804883e-002	4.544585e-002	-2.812055e-001
4.014481980289186e-002	4.548079e-002	-2.820039e-001
4.014494143648074e-002	4.551896e-002	-2.854206e-001
4.014508910155121e-002	4.556530e-002	-2.877778e-001
4.015024226553145e-002	4.718247e-002	-2.857853e-001
4.015069548948311e-002	4.732470e-002	-2.855956e-001
4.015125163787176e-002	4.749922e-002	-2.948931e-001
4.015181379274129e-002	4.767563e-002	-3.177342e-001
4.015223540889344e-002	4.780794e-002	-3.335901e-001
4.015279756376297e-002	4.798434e-002	-3.504250e-001
4.015321917991512e-002	4.811664e-002	-3.609735e-001
4.015378133478465e-002	4.829304e-002	-3.728454e-001
4.015490564452372e-002	4.864584e-002	-3.908802e-001
4.015637706949169e-002	4.910755e-002	-4.066485e-001
4.015805483960463e-002	4.963399e-002	-4.184781e-001
4.015995522211042e-002	5.023027e-002	-4.279155e-001
4.016235333777123e-002	5.098270e-002	-4.372184e-001
4.016543660603603e-002	5.195005e-002	-4.475879e-001
4.017618621506323e-002	5.532237e-002	-4.813854e-001
4.018693582409044e-002	5.869397e-002	-5.151557e-001
4.019768543311764e-002	6.206484e-002	-5.488989e-001
4.020843504214484e-002	6.543498e-002	-5.826150e-001
4.021918465117205e-002	6.880439e-002	-6.163039e-001
4.022993426019925e-002	7.217308e-002	-6.499657e-001
4.024068386922645e-002	7.554103e-002	-6.836003e-001
4.064199587329918e-002	2.003243e-001	-1.931002e+000
4.084838490396515e-002	2.640093e-001	-2.567688e+000
4.105477393463113e-002	3.259554e-001	-3.187027e+000
4.126116296529710e-002	3.861628e-001	-3.789021e+000
4.146755199596307e-002	4.446315e-001	-4.373670e+000
4.167394102662905e-002	5.013614e-001	-4.940972e+000
4.188033005729502e-002	5.563526e-001	-5.490928e+000
4.208671908796100e-002	6.096050e-001	-6.023539e+000
4.244789989162656e-002	6.970811e-001	-6.898566e+000
4.280908069529211e-002	7.736409e-001	-7.664537e+000
4.317026149895767e-002	8.392843e-001	-8.321453e+000
4.353144230262322e-002	8.940112e-001	-8.869314e+000
4.389262310628878e-002	9.378218e-001	-9.308119e+000
4.425380390995433e-002	9.707160e-001	-9.637870e+000
4.461498471361988e-002	9.926937e-001	-9.858564e+000
4.488501590921636e-002	9.990557e-001	-9.922913e+000
4.515504710481285e-002	9.984193e-001	-9.917300e+000
4.542507830040933e-002	9.907847e-001	-9.841726e+000
4.569510949600582e-002	9.761517e-001	-9.696190e+000
4.596514069160230e-002	9.545205e-001	-9.480692e+000
4.623517188719879e-002	9.258910e-001	-9.195233e+000
4.650520308279527e-002	8.902633e-001	-8.839812e+000
4.651741011404527e-002	8.885101e-001	-8.822319e+000
4.680165955600950e-002	8.428061e-001	-8.366187e+000
4.708590899797373e-002	7.915499e-001	-7.854510e+000
4.737015843993796e-002	7.347415e-001	-7.287287e+000
4.765440788190219e-002	6.723809e-001	-6.664520e+000
4.793865732386642e-002	6.044682e-001	-5.986207e+000
4.822290676583065e-002	5.310033e-001	-5.252349e+000
4.850715620779488e-002	4.519862e-001	-4.462945e+000
4.867609280098680e-002	4.036741e-001	-3.980253e+000
4.884502939417872e-002	3.545775e-001	-3.489694e+000
4.901396598737064e-002	3.046963e-001	-2.991269e+000
4.918290258056256e-002	2.540305e-001	-2.484978e+000
4.935183917375449e-002	2.025800e-001	-1.970822e+000
4.952077576694641e-002	1.503450e-001	-1.448799e+000
4.968971236013833e-002	9.732543e-002	-9.189101e-001
4.989215029815648e-002	3.387550e-002	-2.847450e-001
4.989248032226899e-002	3.377188e-002	-2.841696e-001
4.990081007347532e-002	3.115639e-002	-2.867550e-001
4.990095720819596e-002	3.111019e-002	-2.868007e-001
4.990125147763722e-002	3.101779e-002	-2.856051e-001
4.990144218561472e-002	3.095790e-002	-2.839820e-001
4.990163393848614e-002	3.089769e-002	-2.832200e-001
4.990668200803104e-002	2.931251e-002	-2.849036e-001
4.990698937413719e-002	2.921599e-002	-2.849997e-001
4.990749949886143e-002	2.905580e-002	-2.812825e-001
4.990801151140339e-002	2.889501e-002	-2.718293e-001
4.990846168825130e-002	2.875365e-002	-2.637127e-001
4.990906518960843e-002	2.856413e-002	-2.553373e-001
4.991000885556193e-002	2.826779e-002	-2.444965e-001
4.991104908247586e-002	2.794112e-002	-2.357240e-001
4.991278901954609e-002	2.739471e-002	-2.247436e-001
4.991464639944392e-002	2.681141e-002	-2.163125e-001
4.991744886506409e-002	2.593130e-002	-2.058805e-001
4.992045750220109e-002	2.498641e-002	-1.960560e-001
4.992890080715397e-002	2.233457e-002	-1.694816e-001
4.993734411210687e-002	1.968261e-002	-1.429214e-001
4.994578741705975e-002	1.703054e-002	-1.163756e-001
4.995423072201265e-002	1.437837e-002	-8.984411e-002
4.996267402696553e-002	1.172608e-002	-6.332689e-002
4.997111733191843e-002	9.073680e-003	-3.682396e-002
4.997956063687131e-002	6.421171e-003	-1.033533e-002
4.998718112509332e-002	4.027158e-003	1.359348e-002
5.022023490340451e-002	-6.913365e-002	7.448796e-001
5.037958467711226e-002	-1.192729e-001	1.246080e+000
5.053893445082001e-002	-1.688076e-001	1.741257e+000
5.069828422452776e-002	-2.177376e-001	2.230413e+000
5.085763399823551e-002	-2.660629e-001	2.713546e+000
5.101698377194326e-002	-3.137836e-001	3.190657e+000
5.117633354565102e-002	-3.608996e-001	3.661745e+000
5.133568331935876e-002	-4.074110e-001	4.126811e+000
5.161205264353427e-002	-4.862507e-001	4.915189e+000
5.188842196770978e-002	-5.601696e-001	5.654431e+000
5.216479129188530e-002	-6.291675e-001	6.344536e+000
5.244116061606081e-002	-6.932444e-001	6.985504e+000
5.271752994023633e-002	-7.524005e-001	7.577336e+000
5.299389926441184e-002	-8.066357e-001	8.120032e+000
5.327026858858735e-002	-8.559499e-001	8.613591e+000
5.338766440770612e-002	-8.744842e-001	8.799129e+000
5.350506022682490e-002	-8.917758e-001	8.972251e+000
5.362245604594367e-002	-9.078247e-001	9.132957e+000
5.373985186506244e-002	-9.226308e-001	9.281246e+000
5.385724768418122e-002	-9.361943e-001	9.417119e+000
5.397464350330000e-002	-9.485150e-001	9.540576e+000
5.409203932241877e-002	-9.595929e-001	9.651616e+000
5.411311036687599e-002	-9.614346e-001	9.670077e+000
5.457251110401641e-002	-9.892607e-001	9.949536e+000
5.503191184115683e-002	-9.974609e-001	1.003278e+001
5.549131257829725e-002	-9.860351e-001	9.919812e+000
5.595071331543767e-002	-9.549834e-001	9.610629e+000
5.641011405257809e-002	-9.043058e-001	9.105232e+000
5.686951478971852e-002	-8.340023e-001	8.403620e+000
5.732891552685893e-002	-7.440728e-001	7.505795e+000
5.756956842864459e-002	-6.906027e-001	6.971829e+000
5.781022133043023e-002	-6.340470e-001	6.406979e+000
5.805087423221589e-002	-5.744058e-001	5.811246e+000
5.829152713400154e-002	-5.116789e-001	5.184630e+000
5.853218003578720e-002	-4.458665e-001	4.527130e+000
5.877283293757284e-002	-3.769685e-001	3.838747e+000
5.901348583935850e-002	-3.049849e-001	3.119480e+000
5.912007938009508e-002	-2.728362e-001	2.798229e+000
5.922667292083166e-002	-2.404730e-001	2.474824e+000
5.933326646156824e-002	-2.078952e-001	2.149266e+000
5.943986000230481e-002	-1.751030e-001	1.821554e+000
5.954645354304140e-002	-1.420963e-001	1.491689e+000
5.965304708377797e-002	-1.088751e-001	1.159669e+000
5.975964062451455e-002	-7.543939e-002	8.254962e-001
5.976116650342080e-002	-7.496137e-002	8.207186e-001
6.002056591748323e-002	6.460928e-003	6.901857e-003
6.003124706982698e-002	9.816399e-003	-2.663736e-002
6.011361810101593e-002	3.568660e-002	-2.851865e-001
6.011456980291363e-002	3.598539e-002	-2.848908e-001
6.011552150481134e-002	3.628418e-002	-2.845700e-001
6.011647320670905e-002	3.658297e-002	-2.842239e-001
6.011742490860676e-002	3.688176e-002	-2.838526e-001
6.011837661050447e-002	3.718054e-002	-2.834562e-001
6.011932831240218e-002	3.747932e-002	-2.830345e-001
6.012028001429989e-002	3.777809e-002	-2.825876e-001
6.012096891817867e-002	3.799436e-002	-2.855988e-001
6.012217272564586e-002	3.837227e-002	-2.850448e-001
6.012337653311304e-002	3.875018e-002	-2.845017e-001
6.012458034058023e-002	3.912808e-002	-2.839697e-001
6.012578414804741e-002	3.950597e-002	-2.834488e-001
6.012698795551460e-002	3.988386e-002	-2.829388e-001
6.012819176298178e-002	4.026175e-002	-2.824399e-001
6.012939557044897e-002	4.063962e-002	-2.819521e-001
6.012983056008914e-002	4.077616e-002	-2.862388e-001
6.013485714858433e-002	4.235395e-002	-2.840156e-001
6.013516728995495e-002	4.245130e-002	-2.838844e-001
6.013567064302516e-002	4.260929e-002	-2.889799e-001
6.013630226848884e-002	4.280753e-002	-3.052768e-001
6.013655491867431e-002	4.288683e-002	-3.113425e-001
6.013706021904525e-002	4.304544e-002	-3.215508e-001
6.013807081978713e-002	4.336262e-002	-3.376486e-001
6.013907698495670e-002	4.367842e-002	-3.491605e-001
6.014064589759068e-002	4.417083e-002	-3.619247e-001
6.014239206525151e-002	4.471887e-002	-3.716928e-001
6.014484760777122e-002	4.548952e-002	-3.819796e-001
6.014746197350900e-002	4.630998e-002	-3.910352e-001
6.015798523285335e-002	4.961215e-002	-4.244188e-001
6.029964720009176e-002	9.421420e-002	-8.702589e-001
6.044130916733018e-002	1.384132e-001	-1.312088e+000
6.058297113456859e-002	1.822092e-001	-1.749905e+000
6.072463310180701e-002	2.256022e-001	-2.183711e+000
6.086629506904542e-002	2.685921e-001	-2.613505e+000
6.100795703628384e-002	3.111790e-001	-3.039288e+000
6.114961900352225e-002	3.533629e-001	-3.461060e+000
6.137660632554520e-002	4.198724e-001	-4.126091e+000
6.160359364756814e-002	4.834834e-001	-4.762187e+000
6.183058096959108e-002	5.441959e-001	-5.369348e+000
6.205756829161403e-002	6.020099e-001	-5.947573e+000
6.228455561363697e-002	6.569254e-001	-6.496864e+000
6.251154293565991e-002	7.089424e-001	-7.017220e+000
6.273853025768286e-002	7.580609e-001	-7.508641e+000
6.274874012919554e-002	7.601489e-001	-7.529533e+000
6.338892975413719e-002	8.759695e-001	-8.688821e+000
6.402911937907885e-002	9.533884e-001	-9.464273e+000
6.466930900402050e-002	9.924056e-001	-9.855892e+000
6.530949862896215e-002	9.930212e-001	-9.863675e+000
6.594968825390379e-002	9.552351e-001	-9.487623e+000
6.658987787884545e-002	8.790473e-001	-8.727737e+000
6.723006750378710e-002	7.644579e-001	-7.584016e+000
6.747464409418882e-002	7.118090e-001	-7.058281e+000
6.771922068459055e-002	6.558434e-001	-6.499351e+000
6.796379727499227e-002	5.965609e-001	-5.907225e+000
6.820837386539398e-002	5.339617e-001	-5.281905e+000
6.845295045579571e-002	4.680457e-001	-4.623391e+000
6.869752704619743e-002	3.988129e-001	-3.931681e+000
6.894210363659915e-002	3.262634e-001	-3.206776e+000
6.901687170300538e-002	3.039717e-001	-2.984029e+000
6.914189840588621e-002	2.661786e-001	-2.606374e+000
6.926692510876703e-002	2.281228e-001	-2.226080e+000
6.939195181164785e-002	1.898044e-001	-1.843148e+000
6.951697851452869e-002	1.512233e-001	-1.457577e+000
6.964200521740951e-002	1.123796e-001	-1.069367e+000
6.976703192029034e-002	7.327327e-002	-6.785193e-001
6.989205862317116e-002	3.390428e-002	-2.850327e-001
6.989252926488106e-002	3.375651e-002	-2.844114e-001
6.989945659746044e-002	3.158139e-002	-2.866029e-001
6.989962204771123e-002	3.152944e-002	-2.866543e-001
6.989995294821282e-002	3.142553e-002	-2.854013e-001
6.990016279123971e-002	3.135964e-002	-2.837931e-001
6.990036703429312e-002	3.129551e-002	-2.831274e-001
6.990550626031720e-002	2.968172e-002	-2.848454e-001
6.990582030312523e-002	2.958311e-002	-2.849436e-001
6.990635235662059e-002	2.941603e-002	-2.812902e-001
6.990688559265292e-002	2.924858e-002	-2.720979e-001
6.990736010471198e-002	2.909957e-002	-2.642078e-001
6.990799051783260e-002	2.890161e-002	-2.561603e-001
6.990902783033780e-002	2.857586e-002	-2.452971e-001
6.991012013334544e-002	2.823284e-002	-2.369756e-001
6.991195563816714e-002	2.765642e-002	-2.263926e-001
6.991390983304505e-002	2.704273e-002	-2.181194e-001
6.991690885167630e-002	2.610089e-002	-2.073862e-001
6.992014149741907e-002	2.508566e-002	-1.969945e-001
6.998295540613400e-002	5.354691e-003	3.244139e-004
7.003759648950794e-002	-1.182364e-002	1.720277e-001
7.009223757288188e-002	-2.898586e-002	3.435725e-001
7.014687865625582e-002	-4.613196e-002	5.149589e-001
7.020151973962976e-002	-6.326196e-002	6.861868e-001
7.025616082300371e-002	-8.037584e-002	8.572563e-001
7.031080190637765e-002	-9.747361e-002	1.028167e+000
7.036544298975159e-002	-1.145553e-001	1.198920e+000
7.054522191138817e-002	-1.708810e-001	1.761986e+000
7.072500083302476e-002	-2.262298e-001	2.315312e+000
7.090477975466134e-002	-2.806015e-001	2.858901e+000
7.108455867629791e-002	-3.339963e-001	3.392750e+000
7.126433759793449e-002	-3.864140e-001	3.916860e+000
7.144411651957108e-002	-4.378547e-001	4.431232e+000
7.162389544120766e-002	-4.883184e-001	4.935864e+000
7.179464882675123e-002	-5.347075e-001	5.399781e+000
7.196540221229479e-002	-5.792535e-001	5.845296e+000
7.213615559783836e-002	-6.219565e-001	6.272408e+000
7.230690898338192e-002	-6.628164e-001	6.681118e+000
7.247766236892549e-002	-7.018333e-001	7.071426e+000
7.264841575446905e-002	-7.390071e-001	7.443331e+000
7.281916914001262e-002	-7.743379e-001	7.796834e+000
7.282599927543436e-002	-7.756939e-001	7.810402e+000
7.345978439114188e-002	-8.861805e-001	8.916386e+000
7.409356950684941e-002	-9.589886e-001	9.645754e+000
7.472735462255693e-002	-9.941181e-001	9.998507e+000
7.536113973826444e-002	-9.915691e-001	9.974646e+000
7.599492485397197e-002	-9.513415e-001	9.574169e+000
7.662870996967949e-002	-8.734354e-001	8.797078e+000
7.726249508538702e-002	-7.578508e-001	7.643372e+000
7.750467386607891e-002	-7.051811e-001	7.117418e+000
7.774685264677082e-002	-6.492947e-001	6.559272e+000
7.798903142746272e-002	-5.901918e-001	5.968933e+000
7.823121020815463e-002	-5.278723e-001	5.346400e+000
7.847338898884652e-002	-4.623361e-001	4.691675e+000
7.871556776953843e-002	-3.935834e-001	4.004757e+000
7.895774655023033e-002	-3.216140e-001	3.285645e+000
7.896079830804283e-002	-3.207061e-001	3.276573e+000
7.909507565179279e-002	-2.802926e-001	2.872740e+000
7.922935299554276e-002	-2.395633e-001	2.465734e+000
7.936363033929272e-002	-1.985181e-001	2.055556e+000
7.949790768304269e-002	-1.571570e-001	1.642205e+000
7.963218502679265e-002	-1.154801e-001	1.225681e+000
7.976646237054262e-002	-7.348721e-002	8.059847e-001
7.990073971429258e-002	-3.117849e-002	3.831155e-001
8.001823239007380e-002	5.727843e-003	1.422932e-002
8.002586178460505e-002	8.124630e-003	-9.727458e-003
8.011363204348691e-002	3.569098e-002	-2.851579e-001
8.012003497040909e-002	3.770116e-002	-2.826187e-001
8.012041429437583e-002	3.782025e-002	-2.856848e-001
8.012064661183156e-002	3.789318e-002	-2.862186e-001
8.013111548998619e-002	4.117950e-002	-2.817910e-001
8.013142188992539e-002	4.127568e-002	-2.844324e-001
8.013165656952763e-002	4.134934e-002	-2.857021e-001
8.014181182806487e-002	4.453676e-002	-2.813847e-001
8.014196046356778e-002	4.458341e-002	-2.824489e-001
8.014222504277010e-002	4.466645e-002	-2.867707e-001
8.014302814162973e-002	4.491850e-002	-2.864910e-001
8.014383124048935e-002	4.517054e-002	-2.861978e-001
8.014463433934897e-002	4.542258e-002	-2.858913e-001
8.014543743820859e-002	4.567462e-002	-2.855714e-001
8.014624053706822e-002	4.592666e-002	-2.852381e-001
8.014704363592784e-002	4.617869e-002	-2.848914e-001
8.014784673478746e-002	4.643072e-002	-2.845314e-001
8.014798913652244e-002	4.647541e-002	-2.856782e-001
8.014827393999237e-002	4.656479e-002	-2.954265e-001
8.014857520409174e-002	4.665933e-002	-3.089867e-001
8.014891992574455e-002	4.676751e-002	-3.212121e-001
8.014930610018788e-002	4.688870e-002	-3.335633e-001
8.014998955984846e-002	4.710317e-002	-3.515061e-001
8.015016042476361e-002	4.715679e-002	-3.551826e-001
8.015050215459391e-002	4.726403e-002	-3.621689e-001
8.015118561425449e-002	4.747850e-002	-3.739342e-001
8.015255253357567e-002	4.790745e-002	-3.910866e-001
8.015414584071143e-002	4.840742e-002	-4.041742e-001
8.015602635798204e-002	4.899750e-002	-4.146674e-001
8.015816986053240e-002	4.967008e-002	-4.236129e-001
8.016100776330699e-002	5.056052e-002	-4.335352e-001
8.017033789335079e-002	5.348769e-002	-4.631578e-001
8.031469894502001e-002	9.893315e-002	-9.174301e-001
8.045905999668922e-002	1.439464e-001	-1.367400e+000
8.060342104835844e-002	1.885273e-001	-1.813067e+000
8.074778210002766e-002	2.326760e-001	-2.254431e+000
8.089214315169688e-002	2.763925e-001	-2.691492e+000
8.103650420336608e-002	3.196767e-001	-3.124251e+000
8.118086525503530e-002	3.625287e-001	-3.552707e+000
8.125622661760161e-002	3.845199e-001	-3.772594e+000
8.133158798016790e-002	4.062655e-001	-3.990030e+000
8.140694934273421e-002	4.277655e-001	-4.205016e+000
8.148231070530052e-002	4.490199e-001	-4.417552e+000
8.155767206786682e-002	4.700288e-001	-4.627638e+000
8.163303343043311e-002	4.907920e-001	-4.835274e+000
8.170839479299942e-002	5.113097e-001	-5.040459e+000
8.171296214830646e-002	5.125423e-001	-5.052785e+000
8.202370542901798e-002	5.952096e-001	-5.879561e+000
8.233444870972947e-002	6.706579e-001	-6.634235e+000
8.264519199044099e-002	7.388873e-001	-7.316805e+000
8.295593527115250e-002	7.998977e-001	-7.927274e+000
8.326667855186401e-002	8.536890e-001	-8.465640e+000
8.357742183257551e-002	9.002614e-001	-8.931903e+000
8.388816511328702e-002	9.396148e-001	-9.326064e+000
8.437486086896562e-002	9.791942e-001	-9.723069e+000
8.486155662464423e-002	9.966056e-001	-9.898452e+000
8.534825238032283e-002	9.918489e-001	-9.852215e+000
8.583494813600144e-002	9.649242e-001	-9.584356e+000
8.632164389168004e-002	9.158314e-001	-9.094876e+000
8.680833964735865e-002	8.445705e-001	-8.383775e+000
8.729503540303725e-002	7.511416e-001	-7.451052e+000
8.738288243149704e-002	7.326015e-001	-7.265919e+000
8.747072945995685e-002	7.135409e-001	-7.075578e+000
8.755857648841664e-002	6.939598e-001	-6.880030e+000
8.764642351687645e-002	6.738582e-001	-6.679274e+000
8.773427054533624e-002	6.532361e-001	-6.473312e+000
8.782211757379604e-002	6.320935e-001	-6.262142e+000
8.790996460225584e-002	6.104305e-001	-6.045764e+000
8.791149048116209e-002	6.100507e-001	-6.041971e+000
8.811792009890758e-002	5.568088e-001	-5.510138e+000
8.832434971665305e-002	5.018255e-001	-4.960866e+000
8.853077933439854e-002	4.451008e-001	-4.394154e+000
8.873720895214401e-002	3.866347e-001	-3.810003e+000
8.894363856988950e-002	3.264272e-001	-3.208412e+000
8.915006818763498e-002	2.644783e-001	-2.589382e+000
8.935649780538046e-002	2.007879e-001	-1.952913e+000
8.943303189720835e-002	1.771434e-001	-1.716604e+000
8.950956598903624e-002	1.534308e-001	-1.479619e+000
8.958610008086412e-002	1.296503e-001	-1.241959e+000
8.966263417269201e-002	1.058018e-001	-1.003623e+000
8.973916826451989e-002	8.188534e-002	-7.646105e-001
8.981570235634778e-002	5.790089e-002	-5.249225e-001
8.989223644817566e-002	3.384845e-002	-2.845586e-001
8.989356189127663e-002	3.343229e-002	-2.847858e-001
8.989944949083153e-002	3.158362e-002	-2.866362e-001
8.989959626773608e-002	3.153753e-002	-2.866818e-001
8.989988982154518e-002	3.144535e-002	-2.856336e-001
8.990008196662767e-002	3.138502e-002	-2.841888e-001
8.990027337509729e-002	3.132492e-002	-2.835197e-001
8.990532298049941e-002	2.973928e-002	-2.851909e-001
8.990563034932066e-002	2.964276e-002	-2.852869e-001
8.990615904155963e-002	2.947674e-002	-2.816804e-001
8.990668884473196e-002	2.931037e-002	-2.725887e-001
8.990716318670575e-002	2.916141e-002	-2.647252e-001
8.990779215013142e-002	2.896390e-002	-2.567173e-001
8.990882628143472e-002	2.863915e-002	-2.459069e-001
8.990992030037030e-002	2.829560e-002	-2.375813e-001
8.991175842073476e-002	2.771836e-002	-2.269976e-001
8.991371560305002e-002	2.710372e-002	-2.187203e-001
8.991672219559183e-002	2.615951e-002	-2.079684e-001
8.991995922431159e-002	2.514290e-002	-1.975654e-001
8.998297721307087e-002	5.347841e-003	3.928925e-004
9.003633432426000e-002	-1.142723e-002	1.680654e-001
9.008969143544912e-002	-2.818701e-002	3.355876e-001
9.014304854663825e-002	-4.493151e-002	5.029595e-001
9.019640565782737e-002	-6.166071e-002	6.701810e-001
9.024976276901650e-002	-7.837463e-002	8.372522e-001
9.030311988020562e-002	-9.507326e-002	1.004173e+000
9.035647699139475e-002	-1.117566e-001	1.170943e+000
9.046860220945914e-002	-1.467911e-001	1.521165e+000
9.058072742752354e-002	-1.815367e-001	1.868509e+000
9.069285264558794e-002	-2.159936e-001	2.212978e+000
9.080497786365234e-002	-2.501616e-001	2.554570e+000
9.091710308171673e-002	-2.840407e-001	2.893285e+000
9.102922829978113e-002	-3.176310e-001	3.229124e+000
9.114135351784553e-002	-3.509325e-001	3.562087e+000
9.114369643284985e-002	-3.516217e-001	3.568978e+000
9.140727437083697e-002	-4.288998e-001	4.341688e+000
9.167085230882409e-002	-5.021000e-001	5.073687e+000
9.193443024681121e-002	-5.712224e-001	5.764973e+000
9.219800818479834e-002	-6.362669e-001	6.415548e+000
9.246158612278546e-002	-6.972335e-001	7.025412e+000
9.272516406077258e-002	-7.541222e-001	7.594563e+000
9.298874199875970e-002	-8.069330e-001	8.123003e+000
9.358274813197647e-002	-9.031076e-001	9.085852e+000
9.417675426519322e-002	-9.659920e-001	9.715948e+000
9.477076039840998e-002	-9.955862e-001	1.001329e+001
9.536476653162675e-002	-9.918903e-001	9.977879e+000
9.595877266484351e-002	-9.549042e-001	9.609714e+000
9.655277879806026e-002	-8.846279e-001	8.908796e+000
9.714678493127703e-002	-7.810615e-001	7.875124e+000
9.715288844690202e-002	-7.798627e-001	7.863155e+000
9.740226065672339e-002	-7.275342e-001	7.340642e+000
9.765163286654476e-002	-6.716637e-001	6.782683e+000
9.790100507636612e-002	-6.122514e-001	6.189279e+000
9.815037728618747e-002	-5.492971e-001	5.560428e+000
9.839974949600884e-002	-4.828010e-001	4.896131e+000
9.864912170583021e-002	-4.127630e-001	4.196388e+000
9.889849391565157e-002	-3.391831e-001	3.461199e+000
9.903887477502654e-002	-2.971698e-001	3.041387e+000
9.917925563440150e-002	-2.547868e-001	2.617863e+000
9.931963649377647e-002	-2.120341e-001	2.190627e+000
9.946001735315142e-002	-1.689116e-001	1.759679e+000
9.960039821252639e-002	-1.254195e-001	1.325018e+000
9.974077907190135e-002	-8.155762e-002	8.866454e-001
9.988115993127632e-002	-3.732603e-002	4.445603e-001
9.999407497033878e-002	-1.861402e-003	9.008633e-002
1.000000000000000e-001	2.328067e-015	7.148105e-002
